0	52	1
0	3869	1
0	2749	1
1000	1419	1
1000	3346	2
1000	1111	1
1001	3593	1
1001	4034	1
1002	660	1
1002	4022	1
1003	2356	1
1003	2490	1
1003	947	1
1004	3164	1
1004	505	1
1004	2664	1
1005	318	1
1005	4001	1
1005	216	1
1006	1482	1
1006	455	2
1006	209	1
1006	1825	1
1007	4432	1
1007	1680	1
1007	711	1
1007	1111	1
1008	581	1
1008	643	1
1008	1695	1
1008	2020	1
1008	1258	1
1008	2769	1
1009	2682	1
1009	3159	1
1009	2576	1
100	1756	1
100	1258	1
100	4002	1
100	4025	1
100	2077	1
100	3654	1
100	3669	1
100	3542	1
100	4311	1
100	1216	1
100	3082	1
1010	8	1
1010	3013	1
1010	769	1
1011	443	1
1011	3293	1
1011	3699	1
1011	1755	1
1011	2370	1
1012	1346	1
1012	3770	1
1013	2591	1
1013	3822	1
1013	4078	1
1014	930	1
1014	267	1
1015	530	1
1015	3825	1
1015	2096	1
1015	733	1
1016	650	1
1016	114	1
1017	925	1
1017	2620	1
1018	619	1
1018	183	1
1018	8	1
1018	1775	1
1019	3655	1
1019	1827	1
1019	3899	1
1019	41	1
101	2782	1
101	1811	1
101	3384	1
1020	133	1
1020	3770	1
1021	1646	1
1021	3795	1
1021	789	1
1022	4207	1
1022	2253	1
1022	2329	1
1023	198	1
1023	4055	1
1023	1021	1
1024	2050	1
1024	3593	1
1025	4340	1
1025	3699	1
1025	2646	1
1025	1374	1
1026	434	1
1026	789	1
1026	3772	1
1027	2700	2
1027	2603	1
1028	2134	1
1028	1047	1
1028	4253	1
1029	3032	1
1029	3474	1
102	2633	1
102	3114	1
1030	3190	1
1030	797	2
1031	1680	1
1031	922	1
1032	1191	1
1032	375	1
1032	1899	1
1032	959	1
1033	1070	1
1033	468	1
1033	1979	1
1033	46	1
1034	3913	1
1034	4026	1
1034	1728	1
1034	2628	1
1035	2903	1
1035	1240	1
1035	793	1
1035	4304	1
1036	1474	1
1036	3185	1
1036	278	2
1037	1855	1
1037	920	1
1037	921	1
1038	2960	1
1038	263	1
1038	4034	1
1038	1106	1
1038	3932	1
1038	1203	1
1038	2548	1
1038	3339	1
1038	104	1
1038	279	1
1038	2057	1
1038	230	1
1039	4092	1
1039	258	1
103	651	1
103	131	1
103	1932	1
103	1869	1
103	2003	1
1040	2686	1
1040	82	2
1040	980	1
1041	3866	2
1041	3873	1
1041	4097	1
1042	947	1
1042	3659	1
1043	3534	1
1043	3399	1
1043	4065	1
1043	4449	1
1043	122	1
1043	3639	1
1044	425	1
1044	1371	1
1045	1817	1
1045	881	1
1046	3978	1
1046	3918	1
1046	4367	1
1047	3652	1
1047	3937	1
1047	2099	1
1048	842	1
1048	199	1
1048	3925	1
1049	4359	1
1049	955	1
104	3726	1
104	993	1
104	1837	1
104	4365	1
104	3198	1
104	2345	1
104	3418	1
1050	94	1
1050	756	1
1051	3551	1
1051	329	1
1052	3617	1
1052	3618	1
1052	113	1
1052	105	1
1053	2283	1
1053	778	1
1054	4341	1
1054	1845	1
1054	2214	1
1055	808	1
1055	3095	1
1055	801	1
1055	2267	1
1056	1529	1
1056	3096	1
1057	2065	1
1057	317	1
1058	3548	1
1058	2261	1
1058	2052	1
1058	4357	1
1058	3809	1
1058	3418	1
1058	4385	1
1059	1671	1
1059	4339	2
1059	4005	1
105	4499	1
105	1557	1
105	804	1
1060	407	1
1060	3827	1
1060	4250	1
1061	4285	1
1061	175	1
1062	1280	1
1062	2590	1
1062	1374	1
1063	3110	1
1063	2605	1
1063	2118	1
1063	3193	1
1063	360	1
1063	3588	1
1063	2397	1
1063	4343	2
1064	1807	1
1064	3003	1
1064	695	1
1064	3176	1
1064	4008	1
1065	2719	1
1065	987	1
1065	470	1
1066	1981	1
1066	923	1
1066	1025	1
1066	921	1
1067	3790	1
1067	966	1
1067	3981	1
1067	2583	1
1068	4258	1
1068	1530	1
1068	537	1
1069	1432	1
1069	2473	1
1069	688	1
106	1236	1
106	919	1
106	1376	1
106	3522	1
1070	3682	1
1070	438	1
1070	3001	1
1070	1903	1
1071	1435	1
1071	3862	1
1071	2261	1
1071	19	1
1072	681	1
1072	977	1
1073	4458	1
1073	2170	1
1073	476	1
1073	1333	1
1073	522	1
1073	3710	1
1074	253	1
1074	3656	1
1074	4368	1
1074	1241	1
1075	3935	1
1075	31	1
1076	3090	1
1076	1395	2
1076	2169	1
1076	3845	1
1076	1771	1
1076	1284	1
1077	2856	1
1077	3508	1
1077	1512	1
1078	2055	1
1078	1669	1
1078	3920	1
1079	694	1
1079	4091	1
1079	4282	1
107	2381	1
107	982	1
1080	1681	1
1080	876	1
1081	1597	1
1081	1959	1
1082	3477	1
1082	589	1
1082	450	1
1083	3974	1
1083	3856	1
1084	455	1
1084	1059	1
1084	4269	1
1085	1747	1
1085	2883	1
1085	3399	1
1085	456	1
1085	2730	1
1086	2718	1
1086	1681	1
1086	941	1
1087	2988	1
1088	4100	1
1088	3873	1
1088	2895	1
1089	3193	1
1089	4077	1
1089	3179	1
108	2494	1
108	2010	1
108	1722	1
1090	2991	1
1090	3194	1
1090	801	1
1090	1063	1
1091	4267	1
1091	655	1
1091	2343	1
1092	1465	1
1092	663	1
1092	1134	1
1093	529	1
1093	336	1
1093	262	1
1094	275	1
1094	177	1
1094	175	1
1095	3724	1
1095	2435	1
1096	2904	1
1096	3936	1
1096	3587	1
1096	3358	1
1097	2146	1
1097	722	1
1097	3266	1
1097	1775	1
1097	2083	1
1098	1891	1
1098	4432	1
1098	1111	1
1099	1296	1
1099	1073	1
1099	1302	1
109	1582	1
109	1669	1
109	1127	1
109	3042	1
109	2584	1
10	4320	1
10	706	1
10	418	1
10	3306	1
10	171	1
1100	650	1
1100	2320	1
1100	894	1
1101	2875	1
1101	3517	1
1102	949	1
1102	1084	1
1102	2387	1
1103	604	1
1103	2165	1
1103	636	1
1104	879	1
1104	3620	1
1104	2252	1
1105	1718	1
1105	538	1
1106	1034	1
1106	2001	1
1107	87	2
1107	65	3
1107	1119	1
1108	3454	1
1108	3517	1
1108	3538	1
1108	111	1
1109	2336	1
1109	3792	1
1109	931	1
110	2581	1
110	1502	1
110	2851	1
110	2595	1
110	116	1
110	1839	1
110	2995	1
110	4034	1
110	4101	1
1110	2375	1
1110	756	1
1110	209	1
1110	2128	1
1111	3696	1
1111	1488	1
1111	4243	1
1112	2120	1
1112	997	1
1112	1005	1
1113	1103	1
1113	3291	1
1113	3776	1
1114	2438	1
1114	2928	1
1115	1048	1
1115	4235	1
1115	3575	1
1116	706	1
1116	2164	1
1116	310	1
1117	4332	1
1117	1483	1
1117	3756	1
1117	2450	1
1117	197	1
1118	2523	1
1118	3457	1
1119	76	1
1119	63	1
1119	4017	1
111	810	1
111	1118	1
1120	671	1
1120	1778	1
1120	1192	1
1121	1351	1
1121	1889	1
1122	4259	1
1122	232	1
1122	4279	1
1123	1509	1
1123	4393	1
1123	2287	1
1124	3058	1
1124	3201	1
1125	821	1
1125	86	1
1125	1605	1
1126	3355	1
1126	1993	1
1126	108	1
1126	402	1
1127	2129	1
1127	119	1
1128	982	1
1128	4193	1
1128	1655	1
1129	2578	1
1129	260	1
1129	2752	2
112	930	1
112	2207	1
1130	3329	1
1130	2775	1
1130	716	1
1131	3822	1
1131	2210	1
1131	2026	1
1132	1567	1
1132	2619	1
1132	4128	1
1133	4009	1
1133	2451	1
1133	2252	1
1134	412	1
1134	1162	1
1135	3842	1
1135	898	1
1136	1216	1
1136	3469	1
1137	41	1
1137	2077	1
1137	141	1
1138	1186	1
1138	1161	1
1138	774	1
1139	4392	1
1139	1681	1
1139	2421	1
113	1490	1
113	1776	1
113	2594	1
113	1231	1
113	4134	1
1140	378	1
1140	284	1
1140	1723	1
1141	3541	1
1141	226	1
1141	2958	1
1141	1161	1
1142	4195	1
1142	3891	1
1143	1245	1
1143	3095	1
1143	4206	1
1144	1370	2
1144	517	1
1144	586	1
1144	1022	1
1145	3011	1
1145	550	1
1146	2146	1
1146	4402	2
1146	1891	2
1146	603	1
1147	4045	2
1147	811	1
1147	937	1
1148	201	1
1148	1119	1
1149	2431	1
1149	1393	1
114	746	1
114	1911	1
114	141	1
114	1410	1
1150	2936	1
1150	1610	1
1150	3323	1
1150	4461	1
1151	98	1
1151	1427	1
1152	1447	1
1152	1254	1
1153	4017	1
1153	677	1
1153	336	1
1153	3898	1
1154	209	1
1154	253	1
1154	3247	1
1155	1536	1
1155	1813	1
1155	3405	1
1156	2491	1
1156	1158	1
1157	2000	1
1157	3479	1
1157	2926	1
1157	4117	1
1157	3422	1
1158	2772	1
1158	112	1
1158	4386	1
1158	30	1
1158	2803	1
1159	2873	1
1159	3237	1
1159	1956	1
115	3862	1
115	4334	1
115	4315	1
115	914	1
1160	2964	1
1160	756	1
1160	1545	1
1160	1720	1
1161	3633	1
1161	828	1
1162	3097	1
1162	155	1
1162	621	1
1163	1206	1
1163	1330	1
1164	2200	1
1164	1625	1
1164	3197	1
1165	3817	1
1165	3608	1
1165	1022	1
1166	1809	1
1166	3641	1
1166	3535	1
1166	3464	1
1166	3912	1
1167	302	1
1167	2141	1
1168	3116	1
1168	876	1
1169	2536	1
1169	1280	1
116	3605	1
116	3792	1
116	3438	1
116	3812	1
116	3923	1
116	2692	1
116	576	1
116	1856	1
116	959	1
116	4151	1
116	3766	1
1170	194	1
1170	3181	1
1171	503	1
1172	193	1
1172	3387	1
1172	1466	1
1173	1622	1
1173	2436	1
1173	1922	1
1173	1649	1
1173	29	1
1174	656	1
1174	1986	2
1174	368	2
1175	671	1
1175	3364	1
1175	4069	1
1175	127	1
1175	1327	1
1176	1904	1
1176	1069	1
1177	1147	1
1177	2785	1
1178	2778	1
1178	3611	1
1179	3913	1
1179	3314	1
1179	3946	1
117	2474	1
117	2259	1
117	3413	1
117	496	1
1180	1932	1
1180	1429	1
1180	306	1
1180	2822	1
1181	215	1
1181	1178	1
1181	327	1
1182	3092	1
1182	4385	3
1182	2610	1
1183	2677	1
1183	3191	1
1183	2887	1
1184	3247	1
1184	2261	1
1185	724	1
1185	706	1
1185	2573	1
1185	1962	1
1185	337	1
1185	1172	1
1186	395	1
1186	4016	1
1186	3822	1
1186	3894	1
1186	1656	1
1186	1366	1
1187	3722	1
1187	2560	1
1187	1695	1
1188	525	1
1188	4307	1
1189	3786	1
1189	2830	1
1189	893	1
118	3775	1
118	603	2
118	1955	1
118	4310	1
1190	2880	1
1190	3193	1
1190	499	1
1191	342	1
1191	416	1
1192	225	1
1192	3780	1
1192	3580	1
1193	3881	1
1193	1830	1
1193	2133	1
1194	258	1
1194	371	1
1195	902	1
1195	3625	1
1195	177	1
1195	1236	1
1196	3846	1
1196	3352	1
1196	3320	1
1196	3943	1
1196	3837	1
1196	328	1
1196	3649	1
1196	2323	1
1196	3334	1
1196	4170	1
1196	3707	1
1196	159	1
1196	4419	1
1196	4422	1
1196	2214	1
1196	2207	1
1196	1235	1
1196	4387	1
1196	3756	1
1197	932	1
1197	1408	1
1198	3808	1
1198	152	1
1198	3919	1
1198	300	1
1199	905	1
1199	2006	1
1199	3378	1
1199	345	1
119	177	1
119	2726	1
119	2619	1
119	3450	1
11	2756	1
11	3872	2
11	41	1
1200	1025	1
1200	1169	1
1200	3281	1
1201	1197	1
1201	1783	1
1201	1747	1
1202	3790	1
1202	4446	1
1202	415	1
1203	1511	1
1203	4190	1
1204	245	1
1204	2940	1
1205	4207	1
1205	3071	1
1205	1945	1
1205	275	1
1206	2753	1
1206	2895	1
1207	1913	1
1207	4200	1
1207	2044	1
1207	3606	1
1208	2129	1
1208	1757	1
1209	41	1
1209	712	1
1209	371	1
1209	550	1
1209	215	1
1209	40	1
1209	856	2
1209	3376	1
1209	5	1
120	108	1
120	1374	1
1210	4263	1
1211	3654	1
1211	1800	1
1211	4144	1
1211	1251	1
1211	1154	1
1211	1565	1
1211	408	1
1211	664	1
1211	1073	1
1212	3382	1
1212	3367	1
1213	1306	1
1213	4121	1
1214	4180	1
1214	835	1
1214	3442	1
1215	2373	1
1215	2796	1
1215	984	1
1215	2091	1
1216	2380	1
1216	1381	1
1216	4148	1
1216	1858	1
1216	223	1
1216	84	1
1216	951	1
1217	2259	1
1217	76	1
1217	3658	1
1217	2922	1
1217	2292	1
1218	2590	1
1218	1823	1
1218	279	1
1218	3351	1
1219	3592	1
1219	4005	1
1219	1317	1
121	480	1
121	2371	1
121	845	1
1220	1887	2
1220	3094	1
1220	2857	1
1220	1218	1
1221	3457	1
1221	2811	1
1221	2516	1
1222	2019	1
1222	4200	1
1223	797	1
1223	527	1
1223	1335	1
1224	293	1
1224	3492	1
1224	3054	1
1224	2261	1
1224	4365	1
1224	1753	1
1224	2134	1
1224	186	1
1225	3729	1
1225	1751	1
1226	2759	1
1226	2501	1
1227	3782	1
1227	3720	1
1228	27	1
1228	887	1
1228	1174	1
1229	1623	1
1229	613	1
1229	4104	1
122	1516	1
122	518	1
122	3706	1
122	3770	1
1230	1884	1
1230	1183	1
1230	778	1
1230	1229	1
1230	2478	1
1230	4072	1
1231	1175	1
1231	3135	1
1232	641	1
1232	254	1
1233	3325	1
1233	2982	1
1234	26	1
1234	4133	1
1234	2682	1
1234	1216	1
1234	733	1
1235	1663	1
1235	1275	1
1235	4150	1
1236	3201	1
1236	4204	1
1236	4064	1
1237	2322	1
1237	3693	1
1238	1423	1
1238	1830	1
1239	1025	1
1239	1145	1
1239	2174	1
1239	1783	1
123	2450	1
123	3707	1
123	4387	1
123	4383	1
123	3728	1
123	4110	1
123	4457	1
123	3776	1
123	3311	1
1240	1232	1
1240	736	1
1240	4400	1
1241	279	1
1241	2961	1
1241	2592	1
1242	4441	1
1242	3608	1
1242	2887	1
1243	4435	2
1243	2259	1
1244	987	1
1244	1866	1
1245	2470	1
1245	4149	1
1245	1466	1
1246	2476	1
1246	1567	1
1246	2043	1
1247	1429	1
1247	789	1
1247	2547	1
1247	805	1
1248	1241	1
1248	457	1
1248	920	1
1249	216	1
1249	1111	1
1249	1334	1
124	3740	1
124	3611	1
124	1565	1
124	3750	1
124	2778	1
124	1425	1
1250	1995	1
1251	1368	1
1251	2166	1
1251	2932	1
1252	1514	1
1252	504	1
1253	524	1
1253	1769	1
1253	2582	1
1254	2344	1
1254	3957	1
1254	331	1
1255	270	1
1255	3040	1
1256	188	1
1256	1874	1
1257	3297	1
1257	820	1
1257	4200	1
1258	3870	1
1258	499	1
1258	4386	1
1258	2194	1
1259	4282	1
1259	572	1
125	3642	1
125	922	1
125	774	1
125	2278	1
125	3554	1
125	2508	1
125	387	1
125	2112	1
125	1438	1
125	3519	1
125	416	1
1260	2200	1
1260	1079	1
1260	381	1
1261	607	1
1261	746	1
1262	4091	1
1262	3239	1
1262	2170	1
1263	2599	1
1263	2819	1
1264	634	1
1264	4276	1
1264	3810	1
1265	3207	1
1265	1701	1
1266	2066	1
1266	2530	1
1267	209	1
1267	2291	1
1268	296	1
1268	1928	1
1269	619	1
1269	2946	1
1269	954	1
1269	1174	1
1269	482	1
1269	3899	1
1269	4255	1
1269	4409	2
1269	1707	1
1269	595	1
1269	3376	1
126	1593	1
126	3598	1
1270	588	1
1270	3746	1
1270	1780	1
1270	1972	1
1270	755	1
1270	4427	1
1270	4316	1
1270	3085	1
1271	3296	1
1271	434	1
1271	928	1
1271	539	1
1272	114	1
1272	1736	1
1273	3882	1
1273	2965	1
1274	2055	1
1274	245	1
1274	2386	1
1275	2230	1
1275	687	1
1275	173	1
1276	3156	1
1276	79	1
1276	1069	1
1277	530	1
1277	756	1
1277	95	1
1277	225	1
1278	302	1
1278	1798	1
1278	1886	1
1278	482	1
1278	203	1
1278	334	1
1279	1385	1
1279	4330	1
127	3890	1
127	1526	1
1280	4208	1
1280	82	1
1280	4421	1
1281	550	1
1281	1296	1
1281	261	1
1282	3898	1
1282	1247	1
1282	3105	1
1282	677	1
1283	3712	1
1283	85	1
1283	3317	1
1284	2803	1
1284	3974	1
1285	2543	1
1285	2140	1
1285	1661	1
1285	4378	1
1286	2628	1
1286	3228	1
1286	812	1
1287	253	1
1287	1333	1
1287	4109	1
1287	1189	1
1287	1487	1
1288	3974	1
1288	2465	1
1288	1207	1
1288	3480	1
1288	3023	1
1289	1026	1
1289	4212	1
1289	1061	1
1289	1135	1
128	605	1
128	1716	1
128	1310	1
1290	1441	1
1290	3822	1
1291	2071	1
1291	4296	1
1291	1202	1
1292	1756	1
1292	1876	1
1292	748	1
1293	1903	1
1293	1125	1
1293	921	2
1294	2486	1
1294	4426	1
1295	272	1
1295	2334	1
1296	2972	2
1296	1186	1
1297	2780	1
1297	41	1
1297	2271	1
1297	2754	1
1297	1073	1
1298	3645	1
1298	3977	1
1299	1196	1
1299	880	1
129	2594	1
129	729	1
129	28	1
129	1643	1
129	2611	1
12	917	1
12	4065	1
1300	4465	1
1300	3696	1
1301	2178	1
1301	2395	1
1301	151	1
1302	1383	1
1302	129	1
1302	4020	1
1302	3354	1
1302	1854	1
1303	1680	1
1303	109	1
1303	876	1
1304	2261	1
1304	21	1
1304	211	1
1304	2630	1
1304	4189	1
1304	1660	1
1305	1510	1
1305	1622	1
1306	772	1
1306	1365	1
1306	1266	1
1307	276	1
1307	2233	1
1307	3406	1
1307	3625	1
1307	4117	1
1308	3966	1
1308	3964	1
1308	893	1
1308	734	1
1308	4264	1
1309	2474	1
1309	2253	1
1309	4207	1
1309	903	2
130	3589	1
130	2053	1
130	3359	1
130	4223	1
1310	2261	1
1310	1175	1
1310	4091	1
1311	613	1
1311	3777	1
1311	67	1
1312	186	1
1312	1669	1
1312	2165	1
1312	2261	1
1312	1069	1
1313	381	1
1313	3924	2
1314	2026	1
1314	3232	1
1314	1778	1
1315	1899	1
1315	1134	1
1315	2315	1
1316	4414	1
1316	1332	1
1317	1112	1
1317	2989	1
1318	321	1
1318	831	1
1318	3636	1
1318	3958	1
1318	1905	1
1319	29	1
1319	2054	1
131	3368	1
131	1968	1
131	1519	1
131	3843	1
131	1773	1
131	448	1
1320	1478	1
1320	2982	1
1321	1174	1
1321	3610	1
1321	776	1
1321	4045	1
1322	2532	1
1322	1447	1
1323	1187	1
1323	4069	1
1323	2377	1
1324	644	1
1324	1007	1
1324	2855	1
1324	1689	1
1325	1713	1
1325	733	1
1326	2704	1
1326	306	1
1327	646	1
1327	687	2
1327	95	1
1328	1609	1
1328	3089	1
1328	4018	1
1328	4329	1
1329	427	1
1329	1962	1
132	2861	2
132	4170	1
132	3180	1
132	2067	1
1330	1859	1
1330	306	1
1330	369	1
1331	1562	1
1331	1286	1
1332	299	1
1332	825	1
1333	3470	1
1333	4433	1
1333	617	1
1334	1875	1
1334	2478	1
1334	297	1
1335	4004	1
1335	3562	1
1336	151	1
1336	1962	1
1336	497	1
1336	790	1
1336	1338	1
1337	4272	1
1337	527	1
1338	261	1
1338	550	1
1338	1616	1
1338	26	1
1338	644	1
1338	3993	1
1338	4179	1
1339	1108	1
1339	4394	1
133	2022	1
133	2120	1
133	968	1
133	2055	1
133	2616	1
1340	3533	1
1340	3197	1
1340	1980	1
1340	4267	1
1340	2694	1
1340	102	1
1341	2285	1
1341	3901	1
1342	32	1
1342	1047	1
1343	4296	1
1343	384	1
1343	4366	1
1343	2824	1
1344	2853	1
1344	1173	1
1344	2620	1
1344	703	1
1345	3573	1
1345	1395	1
1345	4181	1
1346	1478	1
1346	305	2
1346	549	1
1346	3819	1
1347	3717	1
1347	3893	1
1347	29	1
1347	3895	2
1347	1058	1
1347	1466	1
1347	1624	1
1347	1623	1
1347	1587	1
1347	166	1
1347	2458	1
1347	1683	1
1347	4426	1
1348	2026	1
1348	3462	1
1348	3482	1
1349	3888	1
1349	2875	1
1349	370	1
134	2877	1
134	30	1
134	1193	1
1350	1981	1
1350	686	1
1351	2278	1
1351	186	1
1351	253	1
1352	1222	1
1352	1749	1
1353	555	1
1353	1331	1
1353	4016	1
1353	3700	1
1354	194	1
1354	4188	1
1354	4132	1
1355	1133	1
1355	3278	1
1355	4438	1
1356	2121	1
1356	79	1
1357	3601	1
1357	503	1
1357	254	1
1358	54	1
1358	1003	1
1358	1182	1
1358	321	1
1359	1466	1
1359	1980	1
1359	4513	1
135	900	1
135	1639	1
1360	1265	1
1360	3259	1
1360	1909	1
1361	297	1
1361	2283	1
1361	4164	1
1361	1006	1
1361	862	1
1362	584	1
1362	1527	1
1362	82	1
1362	446	1
1363	4337	1
1363	3941	1
1363	3761	1
1364	4211	1
1364	2382	1
1365	1904	1
1365	4418	1
1366	4412	2
1366	208	1
1366	2325	1
1366	3418	1
1366	1618	1
1367	1928	1
1367	32	1
1367	31	1
1368	866	1
1368	1447	1
1368	1216	1
1369	711	1
1369	4407	1
1369	1680	1
1369	4336	1
136	626	1
136	3088	1
136	603	1
136	3758	1
136	2096	1
136	4007	1
136	1430	1
1370	698	1
1370	1600	1
1370	1044	1
1370	4253	1
1371	1838	1
1371	685	1
1371	22	1
1372	3932	1
1372	4345	1
1373	385	1
1373	4465	1
1373	4400	1
1374	2883	1
1374	1394	1
1374	412	1
1375	848	1
1375	910	1
1375	2026	1
1375	1757	1
1375	3651	1
1376	3418	1
1376	3296	1
1376	2021	1
1376	1047	1
1376	3120	1
1377	1499	1
1377	4184	1
1377	4314	1
1377	4018	1
1378	1503	1
1378	152	1
1378	3595	1
1378	3532	1
1379	2581	2
1379	1976	1
137	1546	1
137	1672	1
137	619	1
137	3614	2
137	718	1
1380	4244	1
1380	3759	1
1380	1331	1
1381	4368	1
1381	1283	1
1381	3045	1
1382	1552	1
1382	1135	1
1382	859	1
1383	306	1
1383	2278	1
1384	1254	1
1384	4007	1
1385	2357	1
1385	628	1
1385	1478	1
1385	2322	1
1386	2062	1
1386	32	1
1386	186	1
1386	1928	1
1387	2048	1
1387	3302	1
1388	632	1
1388	3072	1
1388	67	1
1389	127	1
138	1992	1
138	2574	1
138	805	1
138	4109	1
138	1780	1
1390	208	1
1390	4262	1
1390	2162	1
1390	4418	1
1391	608	1
1391	4050	1
1391	339	1
1392	544	1
1392	2509	2
1393	2451	1
1393	2936	1
1393	3720	1
1393	2156	1
1394	261	1
1394	550	1
1395	1216	1
1395	3750	1
1396	3064	1
1396	4260	1
1396	3775	1
1396	2013	1
1396	3013	1
1396	4217	1
1396	2148	1
1396	550	1
1396	386	1
1396	3375	1
1396	2982	1
1397	1642	1
1397	1699	1
1398	3553	1
1398	922	1
1398	1903	1
1399	675	1
1399	2256	1
139	2963	1
139	1840	1
139	2719	2
139	1285	1
139	3858	1
13	986	1
13	2542	1
13	2396	1
1400	122	1
1400	3260	1
1401	1327	1
1401	916	1
1401	4407	1
1401	78	1
1402	1487	1
1402	4253	1
1402	2616	1
1403	4078	1
1403	3822	1
1404	4251	1
1404	2481	1
1404	2265	1
1405	3743	1
1405	2775	1
1406	1223	1
1406	461	1
1407	4417	1
1407	25	1
1407	1823	1
1408	658	1
1408	742	1
1408	2525	1
1409	877	1
1409	3787	2
140	3668	1
140	3377	1
1410	3928	1
1410	209	2
1411	4482	1
1411	1357	1
1411	3297	1
1411	4390	1
1411	3700	1
1412	1334	1
1412	774	1
1412	671	1
1412	1834	1
1413	4153	1
1413	4088	1
1414	1995	1
1414	4331	1
1414	4031	1
1414	2937	1
1414	1254	1
1415	1077	1
1415	1510	1
1415	3059	1
1416	1388	1
1416	593	1
1416	15	1
1416	2547	1
1416	2949	1
1417	209	1
1417	477	1
1418	614	1
1418	98	1
1418	3342	1
1419	2225	1
1419	585	1
1419	3458	1
1419	3373	3
141	1661	1
141	2639	1
141	1425	1
141	1545	1
141	3031	1
141	2821	1
141	3212	1
141	273	1
1420	4409	1
1420	1542	1
1421	2383	1
1421	4411	1
1421	919	1
1421	903	1
1422	3215	1
1422	4007	1
1422	3740	2
1423	3592	1
1423	200	1
1423	2956	1
1424	1073	1
1424	4115	1
1424	40	2
1424	54	2
1424	1081	1
1424	1316	2
1424	4167	1
1425	1625	1
1425	1299	1
1426	2864	1
1426	3926	1
1426	698	1
1426	971	1
1427	1945	1
1427	20	1
1428	321	1
1428	718	1
1428	4150	1
1428	318	1
1428	504	1
1429	2353	1
1429	371	1
1429	3431	1
1429	2624	1
142	2990	1
142	3222	1
142	2722	1
1430	366	1
1430	537	1
1430	3602	1
1430	4484	1
1431	4212	1
1431	4368	1
1431	1212	1
1431	2898	1
1431	118	1
1432	770	1
1432	550	1
1432	1291	1
1432	3899	1
1432	95	1
1432	3668	1
1433	1211	1
1433	1305	1
1433	1787	1
1434	733	1
1434	3826	1
1434	218	1
1434	213	1
1435	2422	1
1435	1545	1
1435	504	1
1435	607	1
1436	3069	1
1436	289	1
1437	1158	1
1437	3657	1
1437	3326	1
1438	1791	1
1438	410	1
1439	1448	1
1439	796	1
1439	3875	1
143	1003	1
143	1410	1
143	1178	1
143	956	1
1440	1128	1
1440	208	1
1440	4015	1
1441	124	1
1441	3399	1
1442	1452	1
1442	249	1
1442	1722	1
1443	42	1
1443	1316	1
1443	530	1
1444	979	1
1444	86	1
1444	198	1
1444	4354	1
1445	2434	1
1445	1859	1
1445	3748	1
1446	2223	1
1446	1422	1
1447	1162	1
1447	3238	1
1448	175	1
1448	2540	1
1448	1191	1
1449	1366	1
1449	4451	1
1449	4418	2
144	760	1
144	696	1
144	1020	1
1450	3125	1
1450	1175	1
1450	3552	1
1451	822	1
1451	358	1
1452	2146	1
1452	1631	1
1452	2665	1
1452	90	1
1452	4478	1
1452	4470	1
1453	4189	1
1453	796	1
1453	799	1
1453	436	1
1454	29	1
1454	653	1
1454	1428	1
1455	3827	1
1455	3872	1
1455	236	2
1456	3427	1
1456	691	1
1457	1686	1
1457	1344	1
1458	3591	1
1458	4063	1
1459	3550	1
1459	361	1
1459	4409	1
145	234	1
145	478	1
145	1742	1
145	2896	1
145	3916	1
145	3979	1
1460	3459	1
1460	810	1
1460	3932	1
1461	1649	1
1461	3589	1
1461	4333	1
1462	177	1
1462	2268	1
1462	1075	1
1462	2193	1
1462	2926	1
1463	3499	1
1463	3759	1
1464	1935	1
1464	1760	2
1465	3828	1
1465	510	1
1465	482	1
1465	2357	1
1465	429	1
1466	186	1
1466	4339	1
1466	2979	1
1466	1429	1
1467	1302	1
1467	54	1
1467	4378	1
1468	4437	1
1468	3979	1
1468	4297	1
1469	3269	1
1469	2822	1
146	598	1
146	3305	1
1470	40	1
1470	3261	1
1471	4418	1
1471	1585	1
1472	4313	1
1472	4353	1
1472	4379	1
1472	2586	1
1472	2306	1
1472	4345	1
1472	1045	1
1472	2696	1
1473	2133	1
1473	3678	1
1474	699	1
1474	26	1
1474	4430	1
1474	2717	1
1475	3475	1
1475	1337	1
1475	4230	1
1476	3906	1
1476	2276	1
1477	321	1
1477	371	1
1478	186	1
1478	894	1
1478	1669	1
1479	4092	1
1479	16	1
147	1761	1
147	3578	1
147	2129	1
147	3108	1
147	4274	1
147	2293	1
1480	2443	1
1480	264	1
1480	17	1
1481	1264	1
1481	1749	1
1481	4475	1
1482	1827	1
1482	54	1
1483	1216	1
1483	1178	1
1483	896	1
1484	172	1
1485	2820	1
1485	2315	1
1485	1078	1
1485	1871	1
1486	1597	1
1486	4281	1
1487	1285	1
1487	2533	1
1487	745	1
1488	1488	1
1488	1327	1
1488	125	1
1489	4283	1
1489	1581	2
148	3932	1
148	2713	1
148	4117	1
148	3035	1
148	4079	1
148	489	1
148	1749	1
148	739	1
148	112	1
1490	3793	1
1490	318	1
1490	1266	1
1491	2422	1
1491	4324	1
1491	334	1
1492	3481	1
1492	1799	1
1493	1485	1
1493	95	1
1494	2212	1
1494	901	1
1494	937	1
1494	3878	1
1495	94	1
1495	1174	1
1495	3538	1
1496	457	1
1496	671	1
1496	815	1
1497	1034	1
1497	308	1
1497	2798	1
1498	1164	1
1498	4497	1
1498	131	1
1499	2310	1
1499	4330	1
1499	4054	1
149	3199	1
149	1111	1
149	2751	1
149	1684	1
149	3053	1
149	1489	1
149	2847	1
149	4336	1
149	591	1
14	211	2
14	359	1
14	309	1
14	3327	1
14	2927	1
150	2551	1
150	2586	1
150	2572	1
151	723	1
151	2022	1
151	3296	1
151	3153	1
151	3038	1
152	1423	3
152	310	2
152	80	1
152	1829	1
153	897	1
153	3378	1
154	40	1
154	4004	1
155	869	1
155	2961	1
155	275	1
155	497	1
155	1615	1
156	1320	1
156	4206	1
157	308	1
157	3879	1
157	4176	1
158	70	1
158	1648	1
158	2767	1
159	436	1
159	3822	1
159	1482	1
159	853	1
159	2191	1
15	1266	1
15	754	1
15	4090	1
15	2168	1
15	3650	1
15	733	1
15	4092	1
15	603	1
15	3741	1
15	3899	1
160	663	1
160	1076	1
161	4200	1
161	2748	1
161	2055	1
161	3810	1
161	2255	1
161	4252	1
161	1859	1
161	2822	1
161	2584	1
161	2170	1
161	2229	1
162	1073	1
162	3751	1
162	2993	1
162	2168	1
162	718	1
162	2504	1
162	771	1
163	2931	1
163	3657	1
163	3907	1
164	2157	3
164	3355	1
165	83	1
165	804	1
165	369	1
166	4212	1
166	1333	1
166	1988	1
167	724	1
167	1432	1
167	3933	1
167	688	1
167	784	1
168	3381	1
168	477	1
169	3367	1
169	17	1
169	2998	1
169	2392	1
16	3565	1
16	4230	1
16	2851	1
16	703	1
16	1910	1
16	2166	1
16	2906	1
16	2259	1
16	402	1
170	4034	1
170	2726	1
170	684	1
170	2741	1
171	98	1
171	1178	1
171	3671	1
171	1422	1
171	4014	1
171	4007	1
172	2734	1
172	1243	1
173	3548	1
173	209	1
173	2019	1
173	4134	1
174	1894	1
174	310	1
174	2962	1
174	3474	1
174	1978	2
174	2365	1
174	1265	1
174	2992	1
174	739	1
175	3800	1
175	1768	1
175	4161	1
176	790	1
176	489	1
176	3770	1
176	3193	1
176	844	1
177	1862	1
177	2091	1
178	3706	1
178	3256	1
178	4017	1
178	2592	1
178	3339	1
179	716	1
179	350	1
179	1078	1
17	3816	1
17	539	1
17	943	1
17	309	1
17	2561	1
180	3990	1
180	4013	1
180	3303	1
180	3506	1
180	2629	1
180	1161	1
180	4152	1
181	3710	2
181	1859	1
181	1825	1
181	1435	1
182	3562	1
182	111	1
182	1471	1
182	1545	1
182	4040	1
182	662	1
182	16	1
183	1183	1
183	4164	1
183	4190	1
183	2349	1
183	4208	1
184	965	1
184	3532	2
185	3559	1
185	1335	1
186	2828	1
186	2762	1
186	3781	1
186	2454	1
186	601	1
186	3997	1
187	2790	1
187	530	1
187	3516	1
188	898	1
188	4021	1
189	1317	1
189	3548	1
189	1054	1
189	4305	1
18	1515	1
18	3698	1
18	3623	1
18	667	1
18	3193	1
18	906	1
18	4136	1
18	2097	1
18	519	1
18	3121	1
18	907	1
18	2501	1
18	2585	1
18	751	1
18	2057	1
18	3098	1
18	4107	1
18	1755	1
18	4207	1
18	2103	1
18	1617	1
18	1705	1
190	1796	1
190	99	1
190	1280	1
190	1207	1
190	1559	1
190	2331	1
190	3459	1
190	1749	1
190	4266	1
190	3706	1
190	3343	1
190	2980	1
190	4061	1
190	4209	1
190	151	1
190	22	1
191	3474	1
191	1718	1
192	1516	1
193	2492	1
193	1182	1
193	3644	1
193	40	1
194	1226	1
194	1216	1
194	318	1
194	661	1
194	225	1
194	733	1
195	3590	2
195	2960	1
196	514	1
196	195	1
196	1767	1
196	3993	1
197	266	1
197	4186	1
197	2023	1
197	4291	1
197	4091	1
197	3065	1
197	3935	1
197	4300	1
197	2127	1
197	4344	1
197	1741	1
197	3295	1
198	3735	1
198	1733	1
198	3776	1
199	953	1
199	1986	1
19	1178	1
19	4025	1
19	2495	1
19	252	1
1	4298	2
1	2026	1
1	1299	1
200	496	1
200	1962	1
200	2884	1
200	308	1
200	1964	1
200	2741	1
200	3603	1
201	274	1
201	810	1
201	3777	1
202	2419	1
202	1866	1
202	3559	1
202	1764	1
202	2918	1
202	3560	1
202	946	1
202	3798	1
202	3087	1
203	1314	1
203	96	1
203	1677	1
204	4043	1
204	3118	1
204	3966	2
204	2575	1
204	743	1
205	2819	1
205	2364	1
205	36	1
206	3270	1
206	4030	1
206	1277	1
206	1128	1
207	1959	1
207	3624	1
207	1163	1
207	4140	1
207	3491	1
207	2717	1
207	26	1
207	627	2
207	2855	1
207	3914	1
207	225	1
207	1843	1
208	3743	1
208	186	1
209	3290	1
209	885	1
209	3471	1
20	152	1
20	517	1
210	1047	1
210	4005	1
210	476	1
210	819	1
210	486	1
211	2465	1
211	1264	1
211	4071	1
211	3555	1
211	155	1
211	545	1
211	314	1
211	373	1
212	3603	1
212	3974	1
212	1179	1
212	174	1
212	1968	1
212	2399	1
213	907	1
213	330	1
213	1515	1
213	1860	1
214	3906	1
214	3825	1
214	728	1
214	464	1
214	1491	1
214	4185	1
215	3765	1
215	1920	1
215	1759	1
215	4138	1
215	3924	1
216	2579	1
216	4016	1
216	4162	1
217	1046	1
217	4400	2
217	715	1
218	1537	1
218	3676	1
218	3787	1
218	1031	1
218	4065	1
218	1549	1
219	1928	1
219	1780	1
21	419	1
21	3870	1
21	1346	1
21	3831	1
220	3469	1
220	4179	1
220	134	1
221	3633	1
221	2209	1
222	1451	1
222	3943	1
222	167	1
223	994	1
223	4348	1
223	2027	1
224	4169	1
224	151	1
224	262	1
225	216	1
225	2905	1
225	1473	1
226	2838	1
226	3513	1
227	935	1
227	138	1
227	1183	1
228	1252	1
228	2487	1
228	166	1
229	3453	1
229	4440	1
229	3428	1
22	1458	1
22	1178	1
230	2027	1
230	3392	1
230	1636	1
230	4186	1
230	4200	1
230	1926	1
231	2208	1
231	2026	1
231	1048	1
231	4418	1
232	613	1
232	3084	1
233	769	1
233	1863	1
233	435	1
234	1218	1
234	733	1
234	4042	1
234	3899	1
235	2576	1
235	1430	1
235	321	1
235	2624	1
235	503	1
236	734	1
236	2063	1
236	3891	1
237	3690	1
237	3334	1
237	4110	1
237	3503	1
237	1341	1
238	4143	1
238	3641	2
238	1934	1
239	47	1
239	480	1
239	4239	1
239	3218	1
23	2702	1
23	1113	1
23	4109	1
23	1325	1
23	3726	1
23	1780	1
23	4315	1
23	4296	1
240	2509	1
240	2947	1
241	29	1
241	1963	1
241	591	1
241	2781	1
241	3001	1
241	3228	1
241	3055	1
242	3482	1
242	1740	1
242	1733	1
242	2614	1
242	2056	1
242	2529	1
243	3486	1
243	2575	1
243	2936	1
244	3783	1
244	1969	1
244	4264	1
244	3807	1
244	3573	1
244	4329	1
245	177	1
245	1374	1
245	308	1
246	2584	1
246	805	1
246	789	1
247	686	1
247	3948	1
248	2265	1
248	809	1
248	126	1
248	172	1
248	4061	1
249	4261	1
249	1823	1
249	280	1
24	688	1
24	1130	1
24	352	1
24	3388	1
24	1264	1
24	3843	1
24	2879	1
24	2965	1
24	2473	1
24	2164	1
250	3640	1
250	3956	1
250	1198	1
250	2594	1
251	4175	1
251	1841	1
251	2063	1
252	2472	1
252	1768	1
253	1202	1
253	2680	1
253	4109	1
253	1359	1
253	635	1
254	1561	1
254	3884	1
255	811	1
255	573	1
255	4250	2
255	258	1
256	1875	1
256	2745	1
256	3453	1
257	2085	1
257	2575	1
257	1807	1
258	3460	1
258	2748	1
258	4385	1
259	791	1
259	2956	1
259	100	1
25	4244	1
25	2345	1
260	3316	1
260	3574	2
261	2589	1
261	1658	1
261	3814	1
262	1550	1
262	3809	1
262	3445	1
262	1606	1
263	4230	1
263	426	1
263	2286	1
263	2634	1
263	3412	1
263	4017	1
264	32	1
264	1490	1
265	1986	1
265	991	1
265	2457	1
266	4297	1
266	235	1
266	4090	1
266	3750	1
266	1580	1
266	1484	1
266	2466	1
266	4025	1
266	896	1
266	42	1
266	4358	1
266	4103	1
266	1182	1
266	269	1
266	466	1
267	3380	1
267	3900	1
267	530	1
267	4153	1
267	2810	1
268	533	1
268	4017	1
268	3699	1
268	500	1
268	3770	1
269	3345	1
269	4243	1
269	4242	1
269	4224	1
26	1846	1
26	1551	1
26	1637	1
270	1971	1
270	1804	1
271	3932	1
271	3602	1
271	3712	1
271	2259	1
271	2253	1
271	121	1
271	3104	1
272	382	1
272	2383	1
273	1478	1
273	94	1
273	2433	1
273	1912	1
274	3785	1
274	531	1
274	3397	1
274	2776	1
274	3750	1
274	733	1
274	595	1
275	2972	1
275	1684	1
275	1783	1
276	735	1
276	3041	1
276	2301	1
276	3629	1
277	2811	1
277	1725	1
277	3421	1
277	582	1
278	1508	1
278	1278	1
278	200	2
279	3138	1
279	2009	1
279	4170	1
279	3546	1
279	1686	1
27	1084	1
27	2458	1
280	257	1
280	3568	1
280	3880	1
281	2520	1
281	3307	1
281	2757	1
282	1680	1
282	3126	1
282	3737	1
282	1367	1
283	1268	1
283	3543	1
284	3096	1
284	1884	1
284	3336	1
285	2192	1
285	2957	1
285	44	1
285	4302	1
286	2945	1
286	1266	1
286	2378	1
286	1360	1
287	2994	1
287	3521	1
287	3626	1
288	276	1
288	1170	1
288	1601	1
289	2803	1
289	2890	1
289	2943	1
289	1172	1
289	1099	1
289	2133	1
289	1273	1
289	1033	1
28	458	1
28	920	1
28	921	1
290	613	1
290	1465	1
291	2266	1
291	4091	1
291	2072	1
292	207	1
292	1707	1
292	1316	1
293	2174	1
293	815	1
294	1263	1
294	2550	1
295	2968	1
295	529	1
295	2590	1
296	1701	1
296	425	1
296	2283	1
297	3057	1
297	776	1
297	3785	1
298	53	1
298	373	1
298	964	1
298	2965	1
299	220	1
299	2861	1
299	4064	1
299	3745	1
299	2872	1
29	225	1
29	184	1
2	2968	1
2	3881	1
2	2108	1
2	822	1
2	2619	1
2	3187	1
300	888	1
300	118	1
301	4220	1
301	1242	1
302	3441	1
302	2791	1
302	970	1
302	68	1
302	864	1
302	2494	1
303	1274	1
303	3891	1
303	2252	1
303	4018	2
304	2090	1
304	1774	1
304	724	1
305	1320	1
305	3887	1
306	162	1
306	605	1
306	2643	1
306	2635	2
306	749	1
306	3830	1
306	3867	1
306	3597	1
307	94	1
307	722	1
308	3567	1
308	1779	1
309	3093	1
309	4107	1
30	1464	1
30	2166	1
30	2415	1
30	940	1
310	2534	1
310	98	1
311	3711	2
311	335	1
312	2458	2
312	4333	1
312	4338	1
313	1593	1
313	1644	1
314	3575	1
314	2537	1
315	3797	1
315	3833	1
315	1048	1
316	1370	1
316	1064	1
317	228	1
317	464	1
317	595	1
318	1998	1
318	632	1
318	1590	1
319	3639	1
319	2421	1
319	3676	1
319	1607	1
319	3529	1
319	1018	1
31	361	1
31	599	1
31	4158	1
320	935	1
320	1654	1
320	3571	1
320	1739	1
321	2540	1
321	1034	1
321	1222	1
321	1033	1
322	1009	1
322	1633	1
323	2801	1
323	3801	1
324	3468	1
324	2679	1
324	1409	1
325	385	1
325	1788	1
325	774	1
326	3737	1
326	1684	1
326	1070	1
326	2107	1
326	4243	1
326	948	1
326	4254	1
327	1302	1
327	1586	1
327	3873	1
327	619	1
328	2024	1
328	3630	1
328	661	1
329	31	1
329	4425	1
329	793	1
32	334	1
32	94	1
32	2552	1
330	767	1
330	753	1
330	2930	1
331	1702	1
331	1200	1
331	3496	1
332	660	1
332	1047	1
332	1133	1
333	2742	1
333	2468	1
334	3998	2
334	1686	1
335	3867	1
335	299	1
335	2911	1
336	2373	1
336	1913	1
336	2611	1
336	307	1
337	4268	1
337	1728	1
337	4271	1
338	2872	1
338	1092	1
339	2117	1
339	1711	1
339	415	1
33	3193	1
33	3663	1
33	360	1
340	3273	1
340	501	2
340	3997	1
340	4032	1
340	114	1
340	3920	1
340	1873	1
340	871	1
341	1844	1
341	1579	1
341	344	1
342	3332	1
342	491	1
342	3551	1
343	2737	1
343	3169	1
344	2261	1
344	4112	1
344	3347	1
345	341	1
345	2567	1
345	2899	1
345	3904	1
346	4159	1
346	353	1
346	4200	1
346	477	1
346	3788	1
346	541	1
346	1113	1
346	779	1
346	4244	1
346	4212	1
346	1198	1
346	707	1
346	2181	1
346	3315	1
346	2579	1
346	2547	1
346	3398	1
346	1752	1
346	149	1
346	1428	1
346	2112	1
346	1525	1
347	2350	1
347	60	1
347	42	1
347	3784	1
347	3375	1
347	454	1
348	297	1
348	2789	1
348	445	1
348	2405	1
348	2782	2
349	1546	1
349	2546	1
349	3244	1
349	3864	1
349	1644	1
349	344	1
349	4334	1
349	4390	1
349	4365	1
34	1203	1
34	2340	1
34	766	1
34	1404	1
34	2585	1
34	3706	1
34	2417	1
34	4207	1
34	2967	1
34	270	1
34	3029	1
350	152	1
350	3724	1
350	3573	1
350	3089	1
350	608	1
350	3721	1
350	3455	1
350	3720	1
351	4112	2
351	2069	1
351	2034	1
351	1239	1
351	2134	1
352	3152	1
352	2316	1
352	3037	1
352	4172	1
352	3989	2
352	2480	1
353	3612	1
353	1406	1
353	1188	1
354	54	1
354	1917	1
354	2140	1
355	1438	1
356	4151	1
357	2002	1
357	3849	1
357	4023	1
357	3932	1
357	3208	1
357	3280	1
357	1830	1
357	281	1
357	4113	1
357	4027	1
357	4168	1
357	3079	2
357	427	1
357	3444	1
358	849	1
358	694	1
358	3810	1
358	1928	1
358	4200	1
358	3795	1
359	600	1
359	758	1
359	2148	1
35	258	1
35	1672	1
35	267	1
35	478	1
360	352	1
360	183	1
360	1665	1
361	3123	1
361	2646	1
361	338	1
362	1841	1
362	212	1
363	1904	1
363	1525	1
363	3810	1
364	96	1
364	3757	1
364	241	1
364	1363	1
364	3450	1
364	53	1
364	3932	1
365	1659	1
365	65	1
366	627	1
367	2261	1
367	296	1
367	2278	1
367	4200	1
367	4109	1
367	3398	1
368	727	1
368	1581	1
369	3641	1
369	3720	1
369	2583	1
369	143	1
36	3791	1
36	3742	1
36	3601	1
370	3855	1
370	1887	1
370	2167	1
371	199	1
371	869	1
371	352	1
372	2259	1
372	1614	1
373	3905	1
373	2737	1
373	4212	1
374	951	1
374	918	1
375	347	1
375	3791	2
375	2848	1
375	1684	1
375	1182	1
376	3222	1
376	3275	1
376	938	1
377	881	1
377	2901	1
377	4182	1
377	4243	1
378	3872	1
378	2771	1
379	3792	1
379	2893	1
37	3428	1
37	4166	1
37	4190	1
37	4208	1
37	2566	1
37	4280	1
380	614	1
380	3861	1
380	550	1
381	30	1
381	2192	1
382	2988	1
382	2046	1
383	4049	1
383	291	1
384	694	1
384	4215	1
384	1906	1
384	3331	1
384	3884	1
384	4305	1
384	1054	1
384	1710	1
384	1734	1
384	2494	1
384	3862	1
384	994	1
385	510	1
385	1266	1
385	429	1
386	3866	1
386	1689	1
386	3803	1
387	3858	1
387	3845	1
388	825	1
388	613	1
388	2729	1
388	1728	1
388	2580	1
388	385	1
389	3991	1
389	1297	1
389	1078	1
389	1577	1
389	3411	1
389	3867	1
38	4067	1
38	4249	1
38	3659	1
38	3750	1
38	2769	1
38	3473	1
38	605	1
38	1316	1
38	1155	1
38	4415	1
38	4115	2
390	4363	2
390	4470	1
390	3803	1
391	1264	1
391	3925	1
391	2995	1
392	1491	2
392	1485	1
392	1742	1
392	40	1
393	3572	1
393	3192	1
393	1290	1
394	318	1
394	661	1
394	302	1
395	3545	1
395	1790	1
396	1873	1
396	3308	1
396	3834	1
396	3045	1
396	3862	1
397	1889	1
397	1802	1
397	321	1
398	834	1
398	3874	1
399	3481	1
399	3369	1
39	1827	1
39	908	1
39	1798	1
39	2950	1
39	39	1
39	4157	1
39	4219	1
39	3993	1
39	3181	1
39	2276	1
3	717	1
3	1047	1
3	2250	1
3	990	1
3	1927	1
3	79	1
400	3906	1
400	1663	1
400	98	1
400	252	1
401	4027	1
401	3856	1
401	1378	1
401	3663	1
401	1136	1
401	705	1
401	4232	1
401	3706	1
401	3299	1
401	1287	1
401	4161	1
402	3394	1
402	721	1
403	2915	1
403	2632	1
403	1969	1
404	3453	1
404	862	1
405	3545	1
405	1307	1
406	222	1
406	1403	1
406	131	1
406	2940	1
406	4189	1
406	3656	1
406	4200	1
406	468	1
406	35	1
406	3636	1
407	3850	1
407	2955	1
407	2667	1
408	953	1
408	2789	1
408	4208	1
409	2630	1
409	1069	1
409	3910	1
409	2398	1
40	1768	1
40	3312	1
40	3218	1
40	3857	1
40	3706	1
410	2340	1
410	2044	1
410	1961	1
411	3355	1
411	277	1
412	3538	1
412	1310	1
412	334	1
413	387	1
413	3066	1
414	4151	1
414	1133	1
414	2447	1
414	3359	1
415	2737	1
415	852	1
416	2917	1
416	4043	1
416	587	2
416	1503	1
416	1085	1
417	725	1
417	2915	1
418	1519	1
418	1560	1
419	4028	1
419	2525	1
419	2714	1
41	311	1
41	4017	1
41	3892	1
41	1650	1
41	1943	1
420	92	1
420	488	2
420	9	1
420	4166	1
420	430	2
421	3418	2
421	593	1
422	3230	1
422	1144	1
423	4102	1
423	3834	1
423	1005	1
423	2550	1
424	2925	1
424	852	1
424	3952	1
425	3870	1
425	1512	1
426	515	1
426	2341	1
427	1736	1
427	4205	1
427	396	1
428	1069	1
428	3777	1
428	4194	1
429	2818	1
429	671	1
429	1740	1
42	1095	1
42	30	1
42	739	1
42	2571	1
42	1356	1
42	562	1
42	535	1
430	3901	1
430	2736	1
431	699	1
431	579	1
431	3650	1
432	201	1
432	3887	1
432	1986	1
432	3366	1
432	1526	1
432	4280	1
432	1701	1
432	430	1
433	2196	1
433	552	1
434	2559	1
434	2718	1
435	3951	1
435	3767	1
435	3827	1
436	1498	1
436	3939	1
436	1417	1
436	4036	2
437	209	1
437	2584	1
437	984	1
438	4264	1
438	4327	1
438	2874	1
438	3426	1
439	530	1
439	3159	1
439	3015	1
439	14	2
439	4157	1
439	1056	1
43	605	1
43	281	1
43	1276	1
440	3218	1
440	2044	1
441	2015	1
442	3650	1
442	3826	1
443	2934	1
443	2752	1
444	275	1
444	1910	1
444	4207	1
445	1037	2
445	2790	1
445	2139	1
445	3322	1
445	1296	1
445	619	1
445	645	2
445	84	2
446	551	1
446	3558	1
446	382	1
447	4356	1
447	4184	1
447	4423	1
448	3934	1
448	3780	1
449	1804	1
449	584	1
449	610	1
44	3466	1
44	113	1
450	1364	1
450	1998	1
451	2267	1
451	2242	1
451	2617	1
451	3194	1
452	208	1
452	814	1
453	3702	1
453	3484	1
454	2876	1
454	1853	1
455	241	1
455	178	1
456	67	1
456	3405	1
456	660	1
456	3989	1
456	2414	1
456	3276	1
456	3971	1
457	143	1
457	1969	1
458	1406	1
458	1183	1
458	87	1
458	3366	1
458	610	1
458	4326	1
459	3784	1
459	1912	1
459	3404	1
459	2141	1
459	1073	1
459	644	1
45	1676	1
45	762	1
45	1607	1
460	2131	1
460	2966	1
461	1123	1
461	935	1
461	1230	1
461	59	1
461	1531	1
461	1659	1
462	4167	1
462	1516	1
462	2375	1
462	886	1
462	951	1
462	963	1
462	1670	1
462	504	1
463	4383	1
463	249	1
463	2393	1
464	2455	1
464	3962	1
464	1848	1
464	1079	1
464	902	1
465	2778	2
465	1816	1
465	2403	1
466	14	1
467	2430	1
467	3253	1
468	3304	1
468	2443	1
469	1362	1
469	3835	1
46	488	1
46	2589	1
46	1229	1
470	1225	1
470	934	1
471	631	1
471	3619	1
472	2910	1
472	4123	1
472	3439	1
473	2085	1
473	4043	1
474	3240	1
474	1414	1
474	3661	1
475	1696	1
475	4400	1
475	4036	1
476	3382	1
476	635	1
477	1777	1
477	708	1
477	1264	1
478	4290	1
478	4361	1
479	2495	1
47	657	1
47	1107	1
47	2384	1
480	1001	1
480	465	1
480	258	1
480	4090	1
481	423	1
481	448	1
481	1253	1
481	1255	1
482	796	1
482	1165	1
482	3499	1
483	491	1
483	4052	1
483	3555	1
483	685	1
483	124	1
484	1893	1
484	3198	1
484	2105	1
485	3050	1
485	874	1
485	1585	1
486	839	1
486	4416	1
487	3358	1
487	4009	1
488	4033	1
488	3430	1
488	3586	1
489	593	1
489	31	1
489	2579	1
489	2737	1
489	985	1
48	3550	1
48	3827	1
48	2128	1
48	1067	1
48	3181	1
48	3835	1
490	3524	1
490	1274	1
490	3754	1
490	2801	1
490	3967	1
490	3919	1
491	3125	1
491	436	1
491	1825	1
491	819	1
491	791	1
492	439	1
492	1121	1
493	716	1
493	1772	1
494	180	2
494	3992	1
495	3105	1
495	2596	1
495	1363	1
495	4207	1
495	4266	1
495	1640	1
495	3051	1
495	860	1
496	1172	2
496	4343	1
497	2849	1
497	1371	1
497	1320	1
497	639	1
497	137	1
497	1879	1
498	272	1
498	2325	1
498	118	1
499	957	1
499	3240	1
49	3511	1
49	4139	1
49	719	1
49	3302	1
49	3609	1
49	2397	1
4	304	1
4	3278	1
4	2447	1
4	2335	1
500	2660	1
500	2334	1
500	3175	1
500	4315	1
501	1048	1
501	1613	1
501	3291	1
502	994	1
502	789	1
503	200	1
503	1550	1
503	2775	1
504	3744	1
504	3697	1
504	1227	1
505	4126	1
505	1066	1
505	519	1
505	313	1
506	3711	1
506	3720	1
507	84	1
507	54	1
508	939	1
508	2455	1
508	613	1
509	1251	1
509	26	1
50	1350	1
50	1570	2
50	991	1
50	935	1
50	974	1
50	2598	1
50	92	1
510	4290	1
510	1474	1
510	419	1
510	4232	1
510	2763	1
510	4361	2
510	4313	1
510	3112	1
510	2571	1
511	1447	1
511	2122	1
511	1420	1
511	2806	1
511	192	1
512	1393	1
512	2055	1
513	85	1
513	1033	1
513	2233	1
514	177	1
514	352	1
514	809	1
515	421	1
515	357	1
515	3592	1
515	4334	1
516	1607	1
516	591	1
516	4065	1
516	880	1
517	1915	1
517	3453	1
517	962	1
518	4245	1
518	4089	1
518	3803	1
518	3536	1
518	1716	1
519	1632	1
519	1215	1
519	3453	1
51	584	1
51	3661	1
520	1012	1
520	1100	1
521	666	1
521	199	1
521	3943	1
521	1035	1
522	4026	2
522	4197	1
522	4065	1
523	847	1
523	425	1
524	4186	1
524	1146	1
525	796	1
525	2266	1
526	2441	1
527	925	1
527	490	1
527	277	1
528	3841	1
528	1921	1
528	3194	1
529	123	1
529	3155	1
529	1769	1
52	2729	1
52	507	1
52	216	1
52	3896	1
52	2817	1
52	1627	1
530	1681	1
530	458	1
530	1196	1
530	1728	1
530	1070	1
530	491	1
530	3696	1
531	3947	1
531	1223	1
531	535	1
531	3757	1
532	347	1
532	2024	1
532	1358	1
532	462	1
533	3420	1
533	830	1
533	370	1
533	3094	1
534	1184	1
534	572	1
534	186	1
535	3770	1
535	2619	1
536	1207	1
536	2906	1
536	104	1
536	2262	1
536	2980	1
537	2979	1
537	188	1
538	1128	1
538	1585	1
538	1926	1
538	3743	1
538	306	1
539	1568	1
539	917	1
539	1679	1
53	2892	1
53	721	1
53	2783	1
540	380	2
540	3955	1
540	4070	1
541	3600	2
541	3458	1
542	2858	1
542	1182	1
542	3064	1
543	1895	1
543	650	1
543	1122	1
544	3026	1
544	2642	1
544	2323	1
544	3338	1
545	503	1
545	218	1
546	178	1
546	1253	1
547	3235	1
547	1671	1
547	651	1
548	1984	1
549	2911	1
549	1316	1
549	951	1
549	530	1
54	14	1
54	1484	1
54	318	1
550	3960	1
550	2403	1
550	3538	1
550	2429	1
551	2848	1
551	214	1
551	3149	1
551	3369	1
551	2599	1
551	1509	1
551	3371	1
552	569	1
552	1378	1
552	964	1
553	1295	1
553	2703	1
553	2254	1
553	2434	1
554	3839	1
554	4333	1
555	646	1
555	951	1
555	3451	1
556	4193	1
556	3927	1
556	2918	1
557	2045	1
557	710	1
557	4306	1
558	2421	1
558	1727	1
558	1648	1
558	458	1
559	2382	1
559	3241	1
559	3862	1
559	1388	1
559	4119	1
55	406	1
55	2671	1
55	397	1
55	1130	1
55	3474	1
55	869	1
560	3966	1
560	2509	1
560	3559	1
560	4184	1
561	222	1
561	2278	1
561	209	1
562	949	1
562	1622	1
562	4426	1
563	2986	1
563	684	1
563	3168	1
563	4075	1
564	2253	1
564	2051	1
564	4313	1
564	518	1
564	472	1
564	1468	1
564	696	1
565	2078	1
565	4422	1
565	3427	1
566	1691	1
566	4296	1
566	1388	1
567	812	1
567	1352	1
567	1681	1
568	1538	1
568	54	1
568	2895	1
569	3449	1
569	206	1
569	3731	1
56	2254	1
56	541	1
56	2660	1
56	978	1
56	3202	1
570	646	1
570	41	1
571	1356	1
571	911	1
571	4207	1
572	2283	1
572	65	1
572	2469	1
572	618	1
573	334	1
573	699	1
574	3209	1
574	3418	1
574	1278	1
574	799	1
574	1439	1
574	1534	1
575	1571	1
575	1356	1
575	183	1
576	950	1
576	1801	3
576	4263	1
576	390	1
576	3227	1
576	2394	1
576	252	1
576	3597	1
576	2800	1
576	515	1
576	2626	1
576	4325	1
576	1786	1
576	228	1
576	3052	1
576	1182	1
576	992	1
576	4324	4
576	4409	4
576	3758	1
576	4439	1
576	404	1
577	2055	1
577	3838	1
577	1438	1
578	3131	1
578	1326	1
579	2559	1
579	3578	1
579	3670	1
57	2469	1
57	1529	1
57	3240	1
57	4055	1
57	4166	1
57	4208	1
580	3908	1
580	4017	1
580	3293	1
581	476	1
581	3410	1
581	2410	1
581	2069	1
581	2234	1
582	3474	1
582	2713	1
582	4169	1
583	1372	1
583	1479	1
583	1819	1
584	4134	1
584	4109	1
584	2281	1
584	1461	1
584	502	1
584	3165	1
584	649	1
585	199	1
585	241	1
585	696	1
586	1538	1
586	98	1
586	1756	1
586	596	1
586	2077	1
586	758	1
587	929	2
587	1400	1
587	2350	1
588	686	1
588	3426	2
588	742	1
588	966	1
589	1368	1
589	3112	1
589	1615	1
58	1034	1
58	760	1
58	308	1
590	2466	1
590	2993	1
591	722	1
591	550	1
591	1916	1
592	813	1
592	834	1
593	212	1
593	3783	1
594	692	1
594	3216	1
594	1465	1
595	891	1
595	4472	1
596	3157	1
596	1090	1
597	2535	1
597	1493	1
597	2240	1
597	3076	1
597	3157	1
597	365	1
597	4342	1
598	1692	1
598	579	1
598	1040	1
599	550	1
599	1017	1
59	2229	1
59	3642	1
59	118	1
59	3980	1
59	2515	1
59	4226	1
59	2579	1
59	2827	1
59	4200	1
59	130	1
5	1266	1
5	2896	1
5	1182	1
600	1056	1
600	318	1
600	1422	1
600	954	1
600	1178	1
600	1516	1
600	258	1
601	1490	1
601	2134	1
601	436	1
602	2320	1
602	1859	1
603	5	1
603	3132	1
604	109	1
604	1778	1
605	1571	1
605	3479	1
605	2463	1
605	672	1
605	3093	1
605	76	1
606	1625	1
606	1635	1
607	3771	1
607	2055	1
607	83	1
607	1874	1
608	1569	1
608	226	1
608	1135	1
609	2863	1
609	661	1
609	1692	1
609	1410	1
60	4021	1
60	3259	1
60	2118	1
60	112	1
60	1857	1
60	784	1
60	2854	1
60	1885	1
60	1273	1
60	4374	1
610	1047	1
610	3347	1
610	651	1
611	2141	1
611	692	1
611	3258	1
612	1904	1
612	791	1
612	296	1
613	3807	1
613	4038	1
613	2381	1
614	1571	1
614	237	1
615	3286	1
615	3856	1
616	155	1
616	4241	2
616	2592	1
616	3918	1
616	422	1
616	790	1
616	2133	1
617	1250	1
617	731	1
618	423	1
618	2980	1
619	2511	1
619	1053	1
61	464	1
61	210	1
620	2189	1
620	3829	1
621	2680	1
621	100	1
621	4189	1
621	3875	1
622	276	1
622	1640	1
622	409	1
623	3721	1
623	3081	1
623	4050	1
624	135	1
624	4095	1
624	3803	1
624	41	1
625	3291	1
625	3654	1
625	1549	1
626	78	1
626	458	1
627	3938	1
627	4268	1
628	1361	1
628	4244	1
628	3288	1
628	3169	1
628	4253	1
629	1703	1
629	614	1
629	3517	1
62	2430	1
62	528	1
62	368	1
62	3294	1
62	1511	1
62	957	1
62	2283	1
62	349	1
62	92	1
62	1811	1
630	3960	1
630	4284	1
630	4150	1
630	4443	1
631	3277	1
631	2336	1
631	1998	1
632	2005	1
632	225	1
633	1869	1
633	186	1
634	1865	1
634	213	1
634	1905	1
635	2941	1
635	3332	1
635	4243	1
636	88	1
636	1839	1
637	530	1
637	242	1
637	2604	1
638	3451	1
638	26	1
638	258	1
639	1516	1
639	2160	1
63	1455	1
63	3974	1
63	679	1
63	3022	1
63	3609	1
63	88	1
63	1978	1
63	3285	1
63	4023	1
63	3412	1
63	2365	1
63	3588	1
63	688	1
63	2049	1
640	1073	1
640	937	1
641	2828	1
641	324	1
642	3812	1
642	4227	1
642	2454	1
643	209	1
643	2127	1
643	2485	1
644	2897	1
644	1889	1
645	711	1
645	458	1
645	1642	1
646	61	1
646	3097	1
646	809	1
647	1922	1
647	4426	1
647	3923	1
648	1079	1
648	3037	1
648	2151	1
649	1308	1
649	4032	1
649	2956	1
64	1153	1
64	297	1
64	847	1
650	444	1
650	4208	1
651	3663	1
651	1540	1
651	2403	1
652	215	2
652	2855	1
652	3181	1
652	2664	1
652	2437	1
653	261	1
653	110	1
654	2793	2
654	2877	1
654	2879	1
655	3760	1
655	207	1
656	1848	1
656	922	1
656	3291	1
657	1057	1
657	2704	1
657	1198	1
658	2588	1
658	3712	1
659	4046	1
659	1146	1
659	1189	1
659	118	1
65	308	1
65	1777	1
660	31	1
660	4102	1
660	3929	1
660	1736	1
661	1640	1
661	278	1
662	4034	1
662	85	1
662	2944	1
662	2661	1
662	4077	1
663	1860	1
663	3437	2
663	240	1
664	561	1
664	2544	1
664	1907	1
665	1261	1
665	2689	1
665	3130	1
665	1238	1
665	4086	1
665	3156	1
665	73	1
665	2483	1
666	3207	1
666	1659	1
667	2866	1
667	1686	1
667	1	1
667	1035	1
668	3245	1
668	44	1
668	3172	1
669	917	1
669	412	2
669	3055	1
669	1569	1
66	2991	1
66	1814	1
66	3887	1
66	4166	1
66	2056	1
66	2125	1
66	3571	1
670	265	1
670	1672	1
670	1091	1
671	3932	1
671	2265	1
671	1263	1
671	3317	1
671	128	1
672	694	1
672	3392	1
672	1582	1
672	890	1
673	2913	1
673	2651	1
673	2169	1
674	2339	1
674	82	1
674	1527	1
675	3628	1
675	2310	1
675	3935	1
676	1404	1
676	1228	1
676	310	1
677	1408	1
677	920	1
678	2858	1
678	2375	1
678	2311	1
679	1594	1
679	1182	1
67	2139	1
67	580	1
67	1178	1
67	1902	1
67	2543	1
680	3839	1
680	4172	1
680	170	1
681	1178	1
681	3477	1
681	16	1
682	650	1
682	3495	1
683	4136	1
683	389	1
683	3172	1
683	741	1
683	1673	1
684	2333	1
684	769	1
684	1003	1
685	2624	1
685	1958	1
685	3210	1
685	260	1
685	1751	1
685	4073	1
686	4227	2
686	29	1
686	1353	1
687	3469	1
687	3793	1
688	1111	1
688	1071	1
689	4109	1
689	481	1
68	2106	1
68	3595	1
68	892	1
68	4292	1
690	3950	1
690	3076	1
690	2958	1
691	1724	1
691	2180	2
691	528	1
691	1941	1
691	816	1
692	2533	1
692	946	1
692	2031	1
693	3337	1
693	1864	1
694	3308	1
694	4102	1
694	4134	1
695	368	1
695	3056	1
695	4166	1
696	3055	1
696	164	1
696	1087	1
697	3108	1
697	3291	1
698	1142	1
698	792	1
698	3216	1
698	3828	1
698	897	1
698	669	1
698	2931	1
698	408	1
698	3650	1
698	505	1
699	98	1
699	2688	1
69	1350	1
69	2686	1
69	991	1
69	1986	1
69	3814	1
69	3887	1
6	3142	1
6	1561	1
700	2751	1
700	3237	1
700	507	1
700	1367	1
701	124	1
701	923	1
701	1194	1
701	226	1
702	1060	1
702	2723	1
702	1271	1
703	2859	1
703	2788	1
704	1349	1
704	516	1
705	754	1
705	4106	1
705	1580	1
705	4045	1
705	3916	1
705	3181	1
705	218	1
705	4174	1
705	4324	1
705	95	1
706	514	1
706	1494	1
706	722	1
707	2114	1
707	4184	1
707	2871	1
708	3968	1
708	2572	1
708	3603	1
708	61	1
708	2734	1
708	172	2
709	1250	1
709	4333	1
709	3962	1
70	1442	1
70	3425	1
70	213	1
70	3420	1
70	4089	1
70	692	1
70	3979	1
710	2347	1
710	1164	1
710	292	1
710	1534	1
710	890	1
710	867	1
711	1588	1
711	955	1
711	2412	1
711	240	1
712	1512	1
712	74	1
712	2696	1
712	227	1
713	3056	1
713	2849	1
714	1220	1
714	3986	1
714	3875	1
715	2650	1
715	4028	1
716	2896	1
716	1979	1
716	1358	1
716	2931	1
717	4221	1
717	3042	1
717	4119	1
718	2707	1
718	979	1
718	201	1
719	3264	1
719	2315	1
71	1280	1
71	955	1
71	2884	1
720	578	1
720	2128	1
720	1254	1
721	1258	1
721	1827	1
721	3383	1
722	430	1
722	137	1
722	2977	1
723	95	1
723	3880	1
724	3900	2
724	4229	1
724	1608	1
724	1689	1
724	1178	1
725	3336	1
725	2079	1
725	1632	1
725	526	1
725	675	1
725	1215	1
725	1875	1
726	1700	1
726	3272	1
726	3318	1
727	3572	1
727	619	1
727	956	1
728	787	1
728	2778	2
728	3610	1
728	2543	1
728	1442	1
729	3206	1
729	3721	1
729	2675	1
72	2437	1
72	2394	1
72	3562	1
72	3615	1
72	3899	1
730	3609	1
730	2233	1
730	3193	1
731	4200	1
731	1184	1
732	3347	1
732	387	1
732	2733	1
732	1317	1
732	208	1
733	4091	2
733	3556	1
733	651	1
733	1620	1
733	1415	1
733	3719	2
733	3000	1
733	1618	1
733	2278	1
733	32	1
733	4200	1
733	4299	1
733	4215	1
733	3862	1
733	2483	1
733	163	1
733	4328	1
733	2704	1
733	3196	1
733	83	1
733	2428	1
733	988	1
733	118	1
733	4344	1
734	675	1
734	137	1
734	2707	1
735	3196	1
735	969	1
735	2191	1
736	3010	1
736	4397	1
736	4390	1
737	592	1
737	1588	1
737	3796	1
738	1878	1
738	639	1
739	4458	1
739	1428	1
73	703	1
73	2571	1
73	911	1
73	4266	1
73	4117	1
73	1151	1
740	693	1
740	3564	1
740	2919	1
741	184	1
741	215	1
742	2643	1
742	464	1
742	3900	1
742	897	1
743	1841	1
743	3591	1
744	1927	2
744	1737	1
744	1189	1
744	1393	1
744	2027	1
744	2232	1
744	4269	1
744	867	1
745	1656	1
745	2347	1
745	272	1
746	2937	1
746	3899	1
746	1574	2
747	2764	1
747	3018	1
747	274	1
747	741	1
747	463	1
748	3662	1
748	1390	1
749	1034	1
749	1279	1
749	2164	1
74	3684	1
74	1837	1
74	3596	1
74	3885	1
74	2177	1
74	1231	1
74	3468	1
74	3331	1
74	968	1
74	2483	1
74	3656	1
74	4091	1
74	4312	1
74	4037	1
74	617	1
74	4330	1
74	3065	1
74	4334	1
74	4344	1
74	522	1
74	3935	1
74	4300	1
74	4362	1
74	4299	1
750	593	1
750	2022	1
751	350	1
751	3468	1
751	522	1
752	370	1
752	1762	1
752	720	1
752	1876	1
752	4092	1
752	4002	1
752	16	1
753	384	1
753	4253	1
753	146	1
754	148	1
754	4091	1
754	455	1
755	3096	1
755	2617	1
755	383	1
756	1706	1
756	4360	1
757	3042	1
757	1324	1
757	3347	1
758	405	1
758	768	1
758	3547	1
758	2225	1
759	3743	1
759	659	1
75	3812	1
75	108	1
75	3818	1
760	42	1
760	371	1
761	4137	1
761	2227	1
762	1825	1
762	2521	1
762	1487	1
763	261	1
763	504	1
764	4017	1
764	3663	1
765	878	1
765	124	1
765	4201	1
765	1642	1
765	1418	1
765	3954	1
766	3884	1
766	1024	1
767	1448	1
767	2328	1
767	3548	1
767	3499	1
767	2313	1
767	1947	1
767	209	1
768	2855	1
768	530	1
768	2139	1
769	982	1
769	3964	1
769	2981	1
76	1848	1
76	3461	1
76	4223	1
770	4448	1
770	474	1
771	1471	1
771	856	1
771	1073	1
771	2930	1
772	504	1
772	1178	1
773	1172	1
773	3422	1
773	1203	1
773	2907	1
773	3749	1
773	1480	1
774	4289	1
774	3574	1
774	3670	1
775	38	1
775	2467	1
776	3992	1
776	4199	1
777	1287	1
777	4139	1
777	3762	1
778	31	1
778	3747	1
779	209	1
779	620	1
779	1669	1
779	2704	1
77	2761	1
77	2481	1
77	356	1
77	1042	1
77	108	1
780	1606	1
780	130	1
781	2045	1
782	4254	1
783	29	1
783	4091	1
784	1097	1
784	2473	1
784	4101	1
785	3823	1
785	2858	1
786	2509	1
786	2918	1
787	1848	1
787	1241	1
788	83	1
788	541	1
788	3404	1
789	1869	1
789	1482	1
789	4039	1
789	791	1
78	3699	1
78	2957	1
78	3729	1
78	2619	1
78	2592	1
78	3869	1
790	2439	1
791	3743	1
791	479	1
792	3002	1
792	1236	1
792	1368	1
793	250	1
793	1000	1
793	3449	1
793	3357	1
794	1904	1
794	796	1
795	4	1
795	1297	1
796	830	1
796	95	1
796	1227	1
796	4324	1
797	3673	1
797	1935	1
797	4235	1
798	3809	1
798	941	1
799	474	1
799	375	1
799	3264	1
79	2096	1
79	3088	1
79	3563	1
79	897	1
79	4150	1
79	215	1
79	4029	1
7	712	1
7	3958	1
7	954	1
800	225	1
800	1514	1
800	215	1
801	3043	1
801	3929	1
802	296	1
802	1325	1
802	147	1
802	436	1
802	636	2
802	4253	1
802	2170	1
803	3543	1
803	224	1
803	4119	1
804	1240	1
804	2775	1
804	2839	1
805	473	1
805	3389	1
805	1489	1
806	608	1
806	1014	1
806	2252	1
807	3552	1
807	1508	1
808	2434	1
808	1984	1
808	188	1
809	1091	1
809	2363	1
80	280	1
80	3618	1
80	592	1
80	4017	1
80	3770	1
810	578	1
810	2356	1
811	814	1
811	604	1
811	984	1
811	130	1
811	1429	1
811	1942	1
811	256	1
812	2303	1
812	3889	1
812	4292	1
812	1840	1
813	3788	2
813	2645	1
813	1693	1
814	4190	1
814	4280	1
815	4102	1
815	539	1
816	3685	1
816	401	1
816	1937	1
816	1016	1
817	813	1
817	4114	1
817	1694	1
818	2952	1
818	3159	1
818	4067	1
818	4068	1
818	1766	1
818	692	1
819	4001	1
819	1070	1
81	3665	1
81	2616	1
81	2127	1
81	2826	1
81	3552	1
820	1228	1
820	99	1
820	241	1
820	1617	1
820	1095	1
820	311	1
820	4313	1
820	4207	1
820	2891	1
820	903	1
820	1860	1
820	4372	1
820	2193	1
820	2259	1
820	4353	1
821	1351	1
821	2805	2
821	3819	1
821	1000	1
821	41	1
821	255	1
822	3592	1
822	296	1
822	3771	1
823	2488	1
823	78	1
823	2274	1
823	2708	1
824	1374	1
824	844	1
824	30	1
825	2111	1
825	108	1
825	3640	1
826	567	1
826	3334	1
826	4278	1
827	54	1
827	1591	1
827	2993	1
828	696	1
828	108	1
829	318	1
829	712	1
82	1453	1
82	458	1
82	1071	1
82	1180	1
830	2125	1
830	1748	1
831	2649	1
831	3007	1
831	860	1
832	41	1
832	1876	1
833	2026	1
833	1048	1
834	1359	1
834	1164	1
834	3862	1
834	455	1
834	894	1
835	3847	1
835	1848	1
835	4227	1
836	3516	1
836	3934	1
837	2131	1
837	3877	1
837	2454	1
838	4310	1
838	4309	1
839	3112	1
839	3842	1
83	4345	1
83	4367	1
83	4391	1
840	845	1
840	2039	1
840	3144	1
841	562	1
841	1288	1
841	2224	1
841	1749	1
841	2620	1
841	3104	1
841	4117	1
841	4258	1
841	3005	1
842	3519	1
842	850	1
842	3719	1
842	3556	1
842	1461	1
842	3905	1
842	2055	1
842	3983	1
843	1283	1
843	208	1
843	4269	1
844	2276	1
844	2706	1
844	1048	1
845	805	1
845	2251	1
846	515	1
846	550	1
846	1410	1
846	1713	1
846	1164	1
846	4091	1
846	969	1
846	1518	1
846	1928	1
847	3646	1
847	1735	1
847	1685	1
848	1623	1
848	4332	1
848	1998	1
849	1005	1
849	1369	1
849	4102	1
849	717	1
84	569	1
84	241	1
84	633	1
850	2938	1
850	3123	1
850	1650	1
850	2417	1
851	252	1
851	4144	1
851	340	1
851	3751	1
851	2171	1
851	1806	1
851	3572	1
851	2148	1
852	550	1
852	3262	1
852	718	1
852	733	1
852	2378	1
852	41	1
853	2080	1
853	2021	1
853	3460	1
853	1448	1
853	3854	1
853	374	1
853	1735	1
854	1512	1
854	2473	1
854	88	1
855	2465	1
855	4121	1
855	2473	1
855	3881	1
856	1116	1
856	788	1
856	1609	1
856	2631	1
857	4338	1
857	2894	1
858	258	1
858	2790	1
858	2819	1
858	504	1
858	4324	1
858	1546	1
858	4401	1
859	3752	1
859	2849	1
85	994	1
860	2980	1
860	538	1
860	2846	1
860	2510	1
860	2902	1
861	1986	1
861	48	1
861	3841	1
861	1406	1
861	4164	1
862	1799	1
862	3467	1
862	2169	1
862	3917	1
863	2229	1
863	1175	1
863	799	1
864	1990	1
864	1914	1
865	2431	1
865	1752	1
865	4304	1
865	2439	1
865	698	1
866	3152	1
866	1040	1
867	808	1
867	1814	3
868	2689	1
868	2382	1
869	3015	1
869	2825	1
869	644	1
86	428	1
86	1048	1
86	3664	1
870	820	1
870	481	1
870	2737	1
870	555	1
870	4312	1
871	2563	1
871	3943	1
872	1676	1
872	2247	1
872	1111	1
873	2090	1
873	177	1
873	906	1
874	2988	3
874	4445	1
874	2022	1
875	3397	1
875	1422	1
875	110	1
876	1047	1
876	3935	1
877	1828	1
877	2297	1
878	122	1
878	4065	1
879	1073	1
879	3922	1
87	3125	1
87	3198	1
87	3296	1
87	2908	1
880	3571	1
880	4354	1
880	2977	1
880	1946	1
880	4440	1
881	253	1
881	1487	1
882	2266	1
882	1031	1
883	2254	1
883	2601	1
883	2737	1
883	1409	1
884	874	1
884	737	1
884	2729	1
885	2995	1
885	763	1
885	463	1
885	1476	1
885	2452	1
885	3475	1
886	2764	1
886	2715	1
886	426	1
886	4156	1
887	1465	1
887	897	1
888	3096	1
888	3428	1
889	823	1
889	737	1
889	1169	1
88	4207	1
88	1474	1
88	4359	1
88	761	1
88	3590	1
88	123	1
890	3999	1
890	3003	1
890	1655	2
890	2738	1
891	1306	1
891	4359	3
892	3221	1
892	3559	1
892	3724	1
892	414	1
893	4358	1
893	4373	1
893	2889	1
893	2446	1
894	1946	1
894	808	1
894	3294	1
895	2371	1
895	3770	1
895	279	1
895	2802	1
895	3433	1
895	2123	1
895	43	1
895	884	1
895	3456	1
896	2926	1
896	955	1
897	4155	1
897	232	1
897	1334	1
898	790	1
898	2593	1
899	919	1
899	314	1
899	3370	1
899	810	1
899	1376	1
899	2157	1
899	3340	1
89	164	2
89	3737	1
89	1025	2
89	1069	1
89	941	1
89	2823	1
89	3820	1
89	1047	1
89	3686	1
89	1864	1
89	1417	1
89	1627	2
89	3134	1
89	3586	2
8	3015	1
8	2848	1
900	1203	1
900	2253	1
900	4258	1
900	106	1
900	275	1
901	1845	1
901	3735	1
901	4387	1
901	4377	1
901	3223	1
901	3756	1
901	3505	1
901	2559	1
902	3548	1
902	593	1
902	943	1
903	3359	1
903	3652	1
903	1623	1
904	3928	1
904	2903	1
905	2079	1
905	637	1
906	209	1
906	604	1
907	41	1
907	302	1
907	1182	1
907	543	1
907	1695	1
907	3803	1
908	2962	1
908	314	1
908	537	1
908	472	1
908	3479	1
908	1273	1
909	177	1
909	308	1
90	3193	1
90	3606	1
910	1034	1
910	3071	1
910	3193	1
910	172	1
911	3428	2
911	847	1
912	3657	1
912	1093	1
912	3930	1
913	3745	1
913	3709	1
913	3924	1
913	1248	1
913	691	1
914	3554	1
914	1246	1
914	4315	1
915	2164	1
915	751	1
916	2700	1
916	2739	1
916	922	1
917	2301	1
917	1015	1
917	944	1
918	485	1
918	3772	1
918	3843	1
918	2172	1
919	1711	1
919	3897	1
919	3807	1
919	2115	1
91	3932	1
91	2922	1
91	2953	1
920	1016	1
920	1841	1
921	3044	1
921	737	1
921	3163	1
922	1122	1
922	3304	1
922	3239	1
922	3468	1
922	3854	1
923	1828	1
923	822	1
924	741	1
924	53	1
924	4411	1
925	3999	1
925	2451	1
926	1179	1
926	3442	1
926	2590	1
927	619	1
927	3106	1
928	1047	1
928	3743	1
928	2737	1
929	2631	1
929	3720	1
929	3786	1
92	944	1
92	3739	1
92	4181	1
92	3526	1
930	290	1
930	281	1
930	2450	1
931	1388	1
931	4200	1
931	2431	1
932	835	1
932	2590	1
933	2262	1
933	4168	1
934	2883	1
934	108	1
935	284	1
935	484	1
936	514	1
936	3469	1
936	478	1
936	3611	1
936	3597	1
936	897	1
937	1028	1
937	3710	1
938	2493	2
938	554	1
938	1703	1
939	708	1
939	2359	1
939	3313	1
93	539	1
93	990	1
940	4092	1
940	41	1
941	1755	1
941	1423	1
941	3881	1
941	2944	1
941	2476	1
941	1704	1
941	281	1
941	4156	1
941	2587	1
941	4139	1
942	41	1
942	4092	1
942	619	1
942	733	1
943	1155	1
943	3903	1
944	1707	1
944	3192	1
945	4371	1
945	2768	1
946	3055	1
946	1549	1
946	813	1
947	1755	1
947	308	1
947	240	1
948	1864	1
948	1473	1
948	921	1
949	2899	1
949	2978	1
94	148	1
94	3418	1
94	3198	1
94	2170	1
94	1415	1
94	1429	1
950	859	1
950	1472	1
950	1965	1
950	3116	1
951	2887	1
951	392	1
951	1114	1
951	3685	1
952	44	1
952	22	1
952	3343	1
953	3919	1
953	1833	1
953	586	1
953	3891	1
954	43	1
954	279	1
954	1650	1
954	3110	1
955	2927	1
955	793	1
955	2827	1
956	550	1
956	3690	1
956	1831	1
957	314	1
957	2294	1
958	2296	1
958	3889	1
958	2092	1
959	143	2
959	1666	1
959	414	1
95	3744	1
95	1420	1
95	3825	1
95	3650	1
95	4090	1
960	711	1
960	1778	1
960	4001	1
961	51	1
961	108	1
962	4277	1
962	4403	1
963	2259	1
963	2097	1
963	3764	1
964	3874	1
964	923	1
965	356	1
965	382	1
965	268	1
965	1664	1
966	2584	1
966	3401	1
967	2153	1
967	3711	1
967	982	1
967	3720	1
967	2785	1
968	477	1
968	4091	1
969	3789	1
969	744	1
96	756	1
96	2776	1
96	1821	1
96	3258	1
96	3953	1
96	2780	1
96	3550	1
96	2413	1
970	493	1
970	2855	1
970	1689	1
970	897	1
970	3751	1
970	2468	1
970	1708	1
971	1300	1
971	1225	1
971	3438	1
972	2936	1
972	544	1
972	735	1
973	1277	1
973	156	1
973	1409	1
973	1850	1
974	2500	1
974	525	1
974	300	1
974	2095	1
974	2169	1
974	4237	1
974	2678	1
975	2896	1
975	318	1
975	214	1
975	4263	1
976	2091	1
976	2030	1
977	3699	1
977	2856	1
977	1829	1
978	24	1
978	1497	1
978	2874	1
979	3842	1
979	2178	1
979	3594	1
979	155	1
979	1097	1
979	1237	1
97	2489	1
97	777	1
980	314	1
980	3968	1
981	3309	1
981	4261	1
981	3103	1
982	1058	1
982	617	1
982	1657	1
983	1746	1
983	385	1
984	4187	1
984	4264	1
985	505	1
985	13	1
985	3823	1
985	3866	1
985	1210	1
985	1496	1
985	786	1
985	2315	1
985	1851	1
985	1977	1
985	1483	1
985	4	1
985	1813	1
985	902	1
985	3610	3
985	1767	1
986	3392	1
986	3239	1
987	2684	1
987	4303	1
987	3858	1
988	3680	1
988	4266	1
988	2066	1
989	2765	1
989	1047	1
989	2261	1
989	1585	1
98	594	1
98	1060	1
990	1161	1
990	1698	1
990	1071	1
990	2519	1
990	3549	1
991	403	1
991	1245	1
992	520	1
992	949	1
992	902	1
992	3938	1
993	490	1
993	898	1
993	3236	1
993	1987	2
993	53	1
993	933	1
993	3925	1
994	3826	1
994	2778	1
994	3825	1
995	1109	1
995	1626	1
996	30	1
996	1515	1
996	2926	1
997	3886	1
997	2373	1
998	1316	1
998	4415	1
999	2426	1
999	3862	1
99	3030	1
99	1223	1
99	1455	1
99	635	1
99	1647	1
99	3098	1
99	2571	1
9	3890	1
9	1063	1
9	4280	1
9	3453	1
9	2614	1
9	2457	1
9	2789	1
9	2405	1
9	136	1
9	2745	1
9	1060	2
