0	5032	1
0	2458	1
0	4928	1
0	2141	2
0	5371	1
0	10	1
0	1029	1
0	3874	1
0	4615	1
0	4998	1
0	1866	1
0	1734	1
0	5383	1
0	5416	1
0	696	1
0	5120	1
0	1896	1
0	5622	1
0	95	1
0	5659	2
0	2305	1
0	655	1
0	1822	1
0	564	3
0	1906	1
0	720	2
0	4286	1
0	2409	1
0	2232	2
0	3234	1
0	2665	1
0	2406	1
0	2223	1
0	5795	1
0	722	1
0	4369	1
0	4953	1
0	3677	1
0	2897	1
0	4294	1
0	3199	1
1000	2265	1
1000	6867	1
1000	517	1
1000	829	2
1000	75	1
1000	678	1
1000	6337	1
1000	600	3
1001	6629	4
1001	4450	1
1001	6759	2
1001	6907	1
1002	1990	2
1002	1991	1
1002	4059	1
1002	1999	1
1003	6657	2
1003	139	1
1003	274	1
1003	212	1
1003	888	1
1004	831	1
1004	846	1
1004	5425	1
1005	799	1
1005	71	1
1005	525	1
1006	5164	1
1006	4601	1
1006	6246	1
1007	2715	1
1007	517	1
1007	175	1
1007	4806	1
1007	2207	1
1008	2625	1
1008	825	4
1008	361	1
1009	1014	2
1009	817	1
1009	1941	1
100	448	1
100	1576	1
100	414	1
1010	929	1
1010	1016	1
1010	369	3
1010	1299	1
1011	4896	1
1011	1271	3
1011	4854	1
1012	5703	1
1012	4357	2
1012	2711	3
1012	414	1
1013	1906	1
1013	1912	1
1013	2685	1
1013	2663	1
1014	6610	1
1014	6611	1
1015	7314	1
1015	7322	1
1015	1318	1
1016	6123	1
1016	4030	1
1016	6377	1
1017	697	2
1017	5381	1
1018	526	1
1018	5901	1
1018	5912	1
1018	714	1
1018	2692	1
1019	3963	2
1019	4362	1
1019	6123	1
1019	1061	1
1019	1151	3
1019	5292	1
101	3931	1
101	4761	1
101	1463	1
101	4900	1
101	3131	2
101	5265	1
1020	5720	1
1020	7333	1
1020	2294	1
1020	2425	1
1020	2871	1
1020	5570	1
1020	4532	1
1020	4040	1
1021	564	1
1021	3916	2
1021	1183	1
1022	2354	1
1022	108	2
1022	2822	1
1023	3525	1
1023	2150	1
1023	1887	1
1023	2612	1
1024	6018	1
1024	25	2
1025	7015	1
1025	6952	1
1025	5807	1
1025	720	1
1025	2668	1
1026	962	2
1026	3197	1
1026	4713	1
1026	982	1
1026	870	2
1027	6408	1
1027	4200	1
1027	1151	1
1027	1096	1
1027	2475	1
1028	191	1
1028	259	1
1028	1658	1
1029	6873	1
1029	6856	1
1029	1597	1
1029	2109	1
1029	53	1
1029	2503	1
102	0	1
102	108	1
102	5259	1
1030	414	2
1030	799	4
1030	5681	1
1031	2580	2
1031	2438	1
1032	354	1
1032	2088	1
1033	564	2
1033	2663	1
1034	2295	1
1034	4717	1
1034	1241	1
1035	1162	1
1035	6484	1
1035	361	5
1035	1023	2
1036	5646	1
1036	6797	1
1036	3074	1
1037	1925	2
1037	2101	1
1037	3430	1
1037	6203	1
1037	5226	1
1037	3054	1
1037	1352	1
1038	390	1
1038	2421	1
1038	3598	1
1038	4256	1
1039	1041	1
1039	681	1
1039	6913	1
1039	2395	1
1039	6865	1
103	115	2
103	719	1
103	189	1
1040	2429	1
1040	1868	1
1040	6923	1
1040	1111	1
1040	2246	1
1041	6033	1
1041	1219	2
1041	6373	1
1042	3529	1
1042	3034	1
1042	7334	1
1043	2023	1
1043	4728	1
1043	1084	1
1043	1949	1
1044	4807	1
1044	2834	4
1044	1884	1
1044	3429	1
1044	6014	1
1045	3734	1
1045	5473	1
1046	2923	1
1046	414	1
1046	799	2
1046	7474	3
1047	751	1
1047	2841	2
1047	2844	1
1047	2849	1
1047	2176	1
1048	369	3
1048	557	2
1048	5835	1
1049	4892	1
1049	3781	1
1049	4891	1
1049	1246	1
1049	5517	1
1049	3113	1
1049	4058	1
104	1315	5
104	6200	2
104	5803	1
104	1236	1
104	1345	2
1050	5835	2
1050	3909	1
1050	2606	2
1050	2386	1
1050	7261	1
1050	224	1
1050	2222	1
1050	3267	1
1050	3411	1
1050	7005	1
1050	620	1
1050	1360	1
1050	1398	1
1050	403	1
1050	184	1
1050	1399	1
1050	4160	1
1051	2820	2
1051	5527	1
1051	2128	1
1051	6177	1
1052	369	2
1052	517	1
1053	1695	1
1053	1031	1
1053	962	1
1054	532	1
1054	85	1
1055	1151	1
1055	1314	1
1055	1075	1
1055	1371	1
1055	4856	2
1056	1674	1
1056	3996	1
1056	1828	1
1056	1305	1
1056	2008	1
1056	3963	2
1057	6751	1
1057	6767	1
1057	5286	1
1057	1674	1
1057	1378	1
1057	3509	1
1057	2586	1
1058	1365	1
1058	1873	1
1058	1741	1
1058	6786	1
1059	557	2
1059	2471	1
1059	825	1
1059	3303	1
1059	3292	1
105	5906	1
105	10	1
105	4573	1
105	2108	2
1060	4090	1
1060	1268	1
1060	5776	2
1060	92	1
1060	767	1
1061	105	1
1061	1861	1
1061	5916	1
1062	4213	1
1062	4593	1
1062	1437	1
1063	600	1
1063	598	1
1063	591	1
1064	547	1
1064	4310	1
1064	534	1
1064	3536	1
1064	12	1
1065	2155	1
1065	4533	1
1066	6888	1
1066	7125	1
1066	4443	1
1066	4609	3
1066	6575	1
1067	315	1
1067	2215	2
1067	3406	1
1067	2883	1
1067	3301	1
1068	4814	2
1068	758	1
1068	1840	2
1069	5813	2
1069	624	1
1069	3675	1
1069	1906	1
106	1023	3
106	4721	1
106	517	1
106	1050	2
1070	1925	2
1070	1932	1
1070	6420	1
1070	4049	1
1070	1161	1
1070	2122	1
1070	865	1
1070	4047	3
1070	3107	1
1070	6319	1
1070	1838	1
1070	3905	1
1071	6369	1
1071	1711	2
1071	7234	1
1071	2193	1
1072	4547	1
1072	6998	1
1072	1339	1
1072	1111	1
1072	3517	1
1073	1130	4
1073	1453	1
1073	1486	1
1074	968	1
1074	5369	1
1074	195	1
1074	804	1
1074	4751	1
1074	3414	1
1074	902	1
1074	5471	1
1074	418	1
1074	6839	1
1074	1501	1
1074	2275	1
1075	7348	1
1075	678	1
1076	5348	1
1076	1924	1
1076	1075	1
1077	7150	1
1077	1371	2
1077	4416	1
1077	3694	1
1077	4280	1
1078	865	1
1078	1440	1
1078	7254	1
1078	7257	1
1078	5891	1
1078	1633	1
1078	1407	1
1079	3862	1
1079	1302	1
107	2971	1
107	2895	1
107	2833	1
107	3780	1
107	6081	1
107	5045	1
107	2322	1
107	43	1
107	902	1
107	7047	1
107	2208	1
107	414	2
107	1896	2
107	935	1
107	1055	1
107	2695	1
107	53	1
1080	557	6
1080	2601	1
1081	1573	1
1081	6704	1
1081	799	2
1081	525	1
1082	756	1
1082	25	1
1082	532	1
1083	758	1
1083	3362	1
1083	3875	1
1083	304	1
1083	4545	1
1083	5358	2
1083	1571	1
1084	7169	1
1084	4550	1
1084	1092	1
1085	6789	1
1085	1183	2
1086	3194	1
1086	2001	2
1086	3054	1
1086	2514	1
1086	3699	1
1086	6785	1
1086	1661	1
1086	2327	1
1086	1633	4
1086	6646	1
1087	6760	1
1087	1374	1
1087	870	2
1087	3387	1
1087	2899	1
1087	2280	1
1087	7206	1
1088	2582	2
1088	2119	1
1088	1143	1
1089	3940	1
1089	6682	1
1089	4022	1
108	4817	1
108	3417	1
108	5837	1
108	6298	1
1090	1741	1
1090	2119	1
1090	5463	2
1091	4172	1
1091	1151	4
1091	1710	2
1091	958	1
1091	1352	2
1091	5435	1
1091	6852	1
1092	3430	2
1092	958	1
1092	5559	1
1092	1151	1
1092	1203	1
1093	5967	1
1093	5800	1
1093	1923	1
1093	3934	1
1094	1896	1
1094	931	2
1094	4728	1
1094	2776	1
1094	4874	1
1094	6924	1
1095	3093	2
1095	414	1
1095	3746	1
1096	2125	1
1096	2	1
1096	200	2
1096	1473	1
1096	6233	1
1096	4348	1
1097	3942	1
1097	3681	1
1097	4908	1
1097	3944	1
1097	4897	1
1097	1191	1
1097	3946	1
1097	3673	1
1097	3071	1
1097	3927	1
1097	3355	1
1097	1122	1
1097	1123	1
1097	3928	1
1098	6382	1
1098	5748	1
1098	697	2
1099	2142	1
1099	2608	1
1099	4502	1
109	1483	2
109	4001	1
109	2374	1
109	2758	1
109	1204	1
109	1667	1
109	2371	1
109	2370	1
10	0	5
10	1	1
10	1532	1
10	5010	1
10	5073	2
10	5084	1
10	5087	1
10	136	1
10	223	1
10	23	2
10	4958	1
10	5082	1
10	5147	1
10	5152	1
10	5092	1
10	4452	1
10	2458	1
10	5206	1
10	7	1
1100	2210	3
1100	2633	1
1100	6817	2
1101	4085	1
1101	5136	2
1101	6671	1
1101	2828	1
1101	6810	1
1101	4626	1
1102	2482	1
1102	4136	1
1102	1995	1
1102	3044	1
1102	4869	1
1102	1166	1
1103	1285	1
1103	986	1
1103	7218	1
1103	7150	1
1103	3548	1
1103	7263	1
1103	1096	1
1104	3131	1
1104	4742	1
1104	5344	1
1104	4103	1
1104	746	1
1105	838	1
1105	4420	1
1105	3599	1
1106	25	4
1106	1812	1
1106	4463	1
1106	517	4
1106	2708	2
1106	3856	1
1106	304	1
1106	1468	1
1106	3137	1
1106	1813	1
1106	351	1
1106	4833	1
1106	6399	1
1106	6398	1
1107	1221	1
1107	3345	1
1107	2773	2
1107	2133	1
1107	3443	2
1107	3368	1
1107	4639	1
1107	849	1
1107	4642	1
1107	6341	1
1107	522	2
1107	3789	1
1107	1628	1
1107	623	1
1107	656	1
1107	2824	1
1107	7386	1
1107	3301	1
1107	1784	1
1108	914	3
1108	2688	1
1108	7063	1
1109	4598	2
1109	496	3
1109	5109	1
1109	3289	2
1109	4401	1
1109	4963	2
1109	7430	1
1109	4231	1
1109	4694	1
1109	6986	2
1109	2854	1
1109	5271	1
110	3002	1
110	1130	1
110	1096	1
1110	2002	1
1110	6760	1
1110	983	1
1111	1396	1
1111	596	1
1111	4254	1
1112	3029	1
1112	1653	1
1113	5854	1
1113	825	3
1114	2792	1
1114	6043	1
1114	1453	1
1115	685	1
1115	2194	2
1115	2293	2
1115	2573	1
1116	4460	1
1116	1591	1
1116	1203	1
1117	6026	2
1117	6692	1
1118	2508	1
1118	201	1
1118	3530	1
1119	711	1
1119	6860	1
1119	127	1
111	5180	1
111	5356	1
111	25	1
111	4428	1
111	564	1
111	687	7
111	4861	2
111	674	5
111	245	2
111	338	1
111	782	1
111	1014	1
111	6474	1
111	778	3
111	612	4
111	374	3
111	131	2
111	816	3
1120	1011	1
1120	116	1
1120	374	2
1120	604	2
1120	210	1
1121	5662	3
1121	4065	2
1121	5344	1
1121	2780	3
1121	3547	1
1122	4913	1
1122	3336	1
1122	3124	1
1122	4753	1
1122	3121	1
1122	3044	1
1123	5528	1
1123	5125	1
1124	5806	1
1124	243	1
1124	5205	1
1124	7058	1
1124	414	2
1125	6757	1
1125	2775	2
1125	2140	1
1125	2288	1
1126	6024	1
1126	1751	1
1126	96	1
1126	3366	1
1127	1098	1
1127	2842	1
1128	3928	1
1128	1233	1
1129	843	1
1129	2621	1
1129	1029	1
1129	6028	1
1129	266	1
112	2902	1
112	4683	1
112	930	1
1130	1436	2
1130	3836	1
1131	116	1
1131	374	2
1131	210	1
1132	564	1
1132	1880	1
1132	257	1
1132	517	1
1133	5767	2
1133	1058	1
1133	1711	1
1134	4620	2
1134	5896	1
1134	6499	2
1135	320	1
1135	4455	1
1135	5208	1
1135	5275	1
1135	358	1
1135	201	1
1135	1571	1
1136	517	1
1136	564	2
1136	2697	1
1136	2663	1
1137	6158	1
1137	1124	1
1137	7367	1
1138	5881	1
1138	1043	1
1138	1876	1
1138	6853	1
1139	1457	1
1139	3379	1
1139	4424	1
1139	1276	1
1139	1120	1
1139	2109	1
113	6896	1
113	4246	1
113	1024	1
113	2938	1
113	7185	1
113	4347	1
113	1711	1
113	3742	1
1140	383	1
1140	62	2
1140	3276	1
1140	56	1
1141	1385	1
1141	1389	1
1141	6857	1
1141	1075	4
1141	984	2
1142	7506	1
1142	620	1
1142	1360	1
1143	2663	1
1143	2697	1
1143	2223	2
1144	7313	1
1144	2151	1
1144	361	3
1145	1899	1
1145	6967	1
1145	3187	1
1146	4847	1
1146	1378	1
1146	1838	1
1147	7140	1
1147	2458	1
1147	3224	1
1148	2612	1
1148	2435	1
1148	6929	1
1148	5578	1
1148	6837	1
1148	2073	1
1149	2123	1
1149	3788	1
1149	2767	1
1149	6674	1
1149	1029	3
1149	7303	1
1149	439	1
1149	5205	3
1149	4273	1
114	4186	1
114	420	1
114	4367	1
114	946	1
114	636	1
1150	6849	1
1150	5157	1
1150	2188	1
1150	6850	1
1151	103	1
1151	6388	1
1152	3987	1
1152	591	1
1152	4561	1
1152	2222	2
1152	3185	1
1152	4432	3
1153	2696	1
1153	7319	1
1153	7183	1
1153	602	1
1154	3534	1
1154	4853	1
1154	5002	1
1154	4209	1
1154	3	1
1155	4209	1
1155	2637	1
1155	1493	1
1155	7097	1
1155	223	1
1156	4599	5
1156	6418	1
1156	6133	1
1156	870	2
1156	6808	1
1157	3264	1
1157	3265	1
1157	6817	4
1157	6234	2
1158	1281	1
1158	2876	1
1158	2776	2
1159	3876	1
1159	3365	1
1159	517	1
115	1633	1
115	2283	2
115	3844	1
115	1334	1
1160	5392	1
1160	15	1
1160	3830	1
1161	414	2
1161	361	2
1162	1355	1
1162	1333	1
1162	1806	1
1163	531	2
1163	1153	1
1163	1902	1
1164	517	4
1164	2276	1
1164	5064	1
1164	2108	2
1165	1927	2
1165	2467	1
1165	5606	1
1166	549	1
1166	2814	1
1166	927	1
1166	620	2
1166	1621	1
1166	825	1
1167	7114	1
1167	2008	1
1167	2153	1
1167	3959	1
1168	5074	1
1168	476	1
1168	305	1
1168	2915	1
1168	3131	1
1168	6450	1
1168	506	2
1168	5819	1
1168	3749	1
1168	1755	1
1168	1728	1
1168	11	1
1168	1753	1
1168	1216	1
1169	235	1
1169	7107	1
1169	187	1
116	4236	1
116	4346	2
116	2469	1
1170	4716	1
1170	71	1
1170	3523	1
1170	600	1
1170	5412	1
1170	4230	1
1171	697	1
1171	2108	1
1171	1183	1
1172	3428	1
1172	7098	1
1172	265	1
1172	4941	1
1172	1835	1
1173	4681	1
1173	1757	1
1174	2352	1
1174	4887	1
1174	6428	3
1174	5496	3
1174	266	2
1174	3377	1
1174	2414	1
1174	5314	1
1174	301	1
1174	142	1
1174	3749	1
1174	3501	1
1174	4040	1
1174	5618	6
1174	4543	1
1174	6736	1
1174	5457	1
1174	2886	1
1174	2884	1
1175	1485	1
1175	2902	1
1175	6456	1
1175	6983	2
1176	1653	1
1176	1883	3
1176	3504	1
1176	1271	2
1176	413	1
1177	1241	1
1177	5878	2
1177	4982	1
1177	3146	1
1177	7097	1
1177	223	3
1177	3690	1
1177	408	1
1177	118	1
1178	1642	1
1178	2776	1
1178	3242	1
1178	4728	1
1178	4530	1
1179	1792	1
1179	656	1
1179	1795	1
1179	1791	1
1179	2024	1
1179	3806	1
117	1355	3
117	1477	2
117	5400	1
1180	1925	1
1180	6751	1
1180	2464	1
1180	2705	1
1180	2996	1
1180	2706	1
1180	7190	1
1181	2101	5
1181	4298	4
1181	1515	1
1182	926	1
1182	3280	1
1182	6901	1
1183	40	1
1183	4979	1
1183	5618	1
1183	4816	1
1183	3375	1
1183	3764	1
1184	752	2
1184	71	4
1184	1814	1
1185	897	1
1185	767	1
1185	80	1
1186	2459	1
1186	2055	1
1187	1318	1
1187	6189	1
1187	3451	1
1188	3762	1
1188	1162	1
1188	1966	1
1189	2409	1
1189	2232	1
1189	5009	1
118	46	1
118	1804	1
118	4564	1
118	369	1
118	4782	1
118	6221	2
1190	618	1
1190	3786	1
1190	765	1
1190	2082	1
1190	5867	1
1190	2350	1
1190	6881	1
1190	1635	1
1190	3782	1
1190	3150	1
1190	883	1
1190	5433	1
1191	2684	1
1191	2412	1
1191	413	1
1191	5576	1
1191	4311	1
1191	453	1
1191	7116	1
1191	3149	1
1191	4086	1
1191	4330	1
1191	5216	1
1191	3864	1
1191	6094	1
1191	4214	1
1191	7393	1
1192	3288	2
1192	1966	3
1192	1968	1
1192	1536	1
1192	6915	2
1192	7158	2
1192	3228	1
1193	369	2
1193	428	1
1194	802	1
1194	1550	2
1195	3551	1
1195	4508	1
1195	3225	1
1195	883	1
1195	3150	1
1195	2715	1
1195	2454	1
1196	6318	1
1196	5460	1
1196	958	1
1196	6559	1
1197	4189	1
1197	2790	1
1198	7073	2
1198	2615	1
1198	5768	1
1198	4883	1
1198	4030	1
1199	7488	1
1199	7486	1
1199	7477	1
1199	7485	1
1199	7487	1
119	1105	1
119	1329	1
119	5361	1
11	609	1
11	788	1
11	551	11
11	279	6
11	705	1
11	1051	2
11	567	2
11	501	2
11	130	2
11	131	3
11	412	7
11	2572	1
11	648	1
11	643	2
11	259	2
11	1103	1
1200	4460	2
1200	6159	1
1200	4434	1
1200	1130	1
1201	124	1
1201	6815	1
1201	2247	2
1202	2902	1
1202	1220	1
1203	4423	1
1203	3131	1
1203	1023	1
1204	1493	1
1204	2554	1
1204	4701	1
1204	17	1
1204	4178	1
1204	5120	1
1204	133	1
1204	972	1
1204	4217	1
1204	3563	1
1205	5624	1
1205	1573	1
1206	1469	1
1206	5241	1
1206	725	1
1206	774	1
1206	3861	1
1207	4361	1
1207	1770	1
1207	6124	1
1208	20	1
1208	5113	1
1208	1732	1
1208	869	1
1208	4853	1
1208	6266	1
1208	3171	1
1208	201	1
1208	506	2
1209	62	1
1209	66	1
1209	3664	1
120	2899	1
120	1713	1
120	3055	1
120	1031	1
120	2758	1
120	3484	1
120	3489	1
1210	4242	1
1210	2001	1
1210	3119	1
1210	5900	1
1211	6276	1
1211	6751	1
1211	1424	1
1212	4688	1
1212	3412	1
1212	4514	1
1213	707	1
1213	7066	4
1213	603	1
1213	948	1
1213	687	1
1213	1184	1
1213	388	1
1213	793	1
1213	107	1
1214	2615	1
1214	4300	3
1214	7275	1
1215	1928	1
1215	1484	1
1215	4575	1
1215	2034	1
1215	3383	1
1215	1964	1
1215	5439	1
1215	6915	1
1215	7455	1
1216	3911	2
1216	697	2
1216	70	1
1216	6188	1
1216	1064	1
1217	2765	1
1217	1914	1
1217	1882	1
1218	1345	1
1218	5988	2
1218	2493	1
1218	1235	1
1218	3993	1
1218	4295	1
1219	1343	1
1219	2807	1
1219	3696	1
121	1926	1
121	958	1
121	1956	1
121	2091	1
1220	505	1
1220	6191	1
1220	733	2
1220	440	1
1220	1737	1
1221	7351	1
1221	5125	1
1221	5133	1
1221	7388	1
1221	3061	1
1221	6766	1
1221	2666	1
1222	3450	1
1222	3888	1
1222	4547	2
1223	0	1
1223	25	1
1224	1105	2
1224	1409	2
1224	4015	1
1225	6386	2
1225	6360	1
1225	988	1
1225	6050	1
1225	4289	1
1226	5524	1
1226	1050	1
1227	4	2
1227	3690	1
1227	18	1
1227	4580	1
1227	3745	2
1228	2399	1
1228	1151	1
1228	1355	1
1229	141	1
1229	6304	1
1229	7364	1
1229	6700	1
1229	6743	1
1229	7375	1
1229	5788	1
1229	5921	1
1229	2281	2
1229	2535	1
1229	5809	1
1229	6054	1
1229	124	1
1229	270	1
1229	6517	1
1229	658	1
1229	7151	1
1229	4853	1
1229	4040	1
1229	301	1
1229	303	1
1229	302	1
1229	1796	2
1229	821	1
1229	2454	1
1229	135	1
1229	4481	1
122	1492	1
122	1128	1
122	1594	1
1230	2414	1
1230	2891	1
1230	7303	1
1230	440	1
1230	5828	1
1230	6246	1
1231	7453	1
1231	4505	1
1231	2195	2
1232	691	1
1232	913	1
1233	7231	1
1233	3072	1
1233	5278	1
1233	5791	1
1234	1932	1
1234	4226	1
1235	2201	1
1235	4519	2
1235	5673	1
1236	440	3
1236	811	1
1236	5953	1
1236	4086	1
1236	6009	1
1236	3472	1
1236	201	1
1236	2520	2
1236	5311	1
1236	4641	1
1236	7432	1
1236	2794	1
1237	6158	1
1237	5226	1
1238	10	1
1238	2411	2
1238	5197	1
1239	0	1
1239	16	1
123	6642	1
123	2101	1
123	6774	1
123	2549	1
123	1670	1
123	4683	1
123	1130	1
123	6512	1
123	5775	1
123	1836	1
1240	77	1
1240	4833	2
1240	6398	1
1240	4392	1
1240	6865	1
1240	7546	1
1240	7542	1
1240	7543	1
1240	7544	1
1240	2	1
1240	3726	2
1241	474	1
1241	854	2
1241	969	2
1241	242	1
1241	555	1
1242	1700	1
1242	4292	1
1242	7225	1
1242	5044	1
1243	7093	1
1243	870	1
1243	5602	1
1243	4759	1
1244	5012	1
1244	3526	1
1244	25	1
1244	454	1
1244	2565	1
1244	3501	1
1244	94	1
1244	4524	1
1244	4872	1
1244	7173	1
1244	173	1
1245	2414	1
1245	1	1
1245	3761	1
1246	5260	1
1246	3449	1
1246	528	1
1246	4514	2
1246	3480	1
1246	3678	1
1247	1156	1
1247	2405	1
1247	2504	1
1248	1925	1
1248	1921	2
1248	5609	1
1249	7508	1
1249	3131	1
1249	697	2
124	1097	1
124	575	1
124	706	1
124	2381	1
1250	1855	2
1250	2413	1
1250	1860	1
1250	3832	1
1250	3311	1
1250	5208	1
1251	1151	1
1251	1222	1
1251	3683	1
1251	958	1
1251	7457	1
1252	2682	1
1252	958	1
1252	6158	1
1252	1235	1
1252	1384	1
1253	2075	1
1253	3783	1
1253	922	1
1253	7353	1
1254	2276	1
1254	2180	1
1255	2677	2
1255	964	2
1255	7465	1
1256	445	1
1256	5176	1
1256	151	1
1256	2573	1
1257	689	1
1257	4635	1
1257	3583	1
1257	598	1
1258	313	1
1258	314	1
1258	363	1
1258	266	1
1258	7317	1
1258	6584	1
1258	2498	2
1258	560	1
1258	6865	1
1258	4190	1
1258	4647	1
1258	7060	1
1258	4833	1
1258	7524	1
1258	7516	1
1258	7482	2
1258	7478	1
1259	5629	1
1259	1403	1
125	491	1
125	492	2
125	2502	1
125	528	1
125	319	1
1260	1409	1
1260	4015	1
1261	3786	1
1261	2419	1
1261	441	1
1262	1742	1
1262	5027	1
1263	532	1
1263	267	1
1263	4729	1
1263	5107	1
1263	483	1
1263	1855	1
1263	6	1
1263	20	1
1263	3605	2
1263	5993	1
1264	7084	1
1264	1349	1
1265	1226	2
1265	3312	2
1265	95	3
1266	2807	1
1266	6626	1
1266	4121	1
1267	1334	1
1267	6709	1
1268	408	1
1268	1396	1
1268	4066	1
1269	1284	1
1269	1288	2
1269	6017	1
1269	2157	1
126	2311	3
126	2987	10
126	1008	1
1270	5741	1
1270	1675	3
1270	2001	1
1270	3682	1
1270	2297	1
1270	1020	1
1271	1088	1
1271	1770	2
1271	6022	1
1271	6208	2
1272	1101	2
1272	3373	1
1272	937	1
1272	1693	1
1273	1954	1
1273	2034	1
1273	1955	1
1273	1960	1
1273	1962	1
1273	4648	1
1273	2827	1
1273	3286	1
1273	1436	2
1274	2643	1
1274	7172	1
1274	4847	1
1274	2001	1
1274	1921	1
1274	1215	1
1275	1814	1
1275	1573	1
1275	2971	1
1275	378	1
1275	4857	1
1276	4194	1
1276	4066	2
1276	7025	1
1277	56	1
1277	7192	1
1277	3276	1
1277	2836	1
1277	3272	1
1277	3277	1
1277	3273	1
1277	3275	1
1277	3274	1
1277	3271	1
1278	6671	1
1278	1535	3
1278	3802	1
1279	1674	1
1279	892	1
1279	958	1
127	1955	1
127	1928	1
127	1969	1
1280	598	1
1280	588	1
1280	4490	1
1280	585	1
1280	5412	1
1281	6674	1
1281	1029	2
1281	7303	1
1282	939	2
1282	1710	2
1282	6902	1
1282	7206	1
1282	4124	2
1282	1063	1
1283	378	1
1283	626	1
1283	6360	1
1284	7053	18
1284	7076	1
1284	304	1
1285	690	2
1285	5524	1
1285	914	1
1286	1208	1
1286	5896	1
1286	6497	1
1286	6495	1
1287	6405	1
1287	405	2
1287	4488	1
1288	7170	1
1288	2540	1
1288	6729	1
1289	298	1
1289	1949	1
1289	32	1
128	2504	1
128	1092	1
1290	931	1
1290	2347	1
1290	3343	1
1291	6135	1
1291	2440	1
1291	1127	2
1291	4340	1
1291	1807	4
1291	2758	1
1291	5437	2
1292	656	1
1292	2268	1
1292	53	1
1293	4115	1
1293	3719	1
1294	6903	1
1294	6975	1
1294	3703	1
1295	4913	1
1295	4009	1
1295	3336	1
1295	4010	1
1295	3154	1
1295	4944	1
1295	4912	1
1295	1992	2
1295	5864	1
1295	2054	1
1295	4059	4
1295	1990	1
1295	1999	2
1295	1991	1
1295	3124	1
1295	3066	1
1295	1987	1
1295	2000	2
1295	5648	1
1295	5647	1
1295	4620	1
1295	5646	1
1295	4136	1
1295	1217	1
1295	1996	2
1296	4319	1
1296	6582	1
1297	872	1
1297	1779	1
1297	3443	2
1297	5981	3
1297	2210	1
1297	7496	1
1297	624	1
1298	1685	1
1298	1674	1
1298	2008	1
1298	1096	2
1299	1351	1
1299	6947	1
1299	6939	1
1299	5914	2
1299	1075	1
1299	1890	1
129	3491	1
129	4754	1
129	3288	1
129	2338	1
129	2034	1
12	439	1
12	2414	1
1300	1400	1
1300	557	1
1300	816	2
1300	6592	1
1300	2587	1
1300	296	2
1300	5209	1
1301	7289	1
1301	3056	1
1301	703	1
1302	2013	1
1302	1707	1
1302	369	1
1303	3690	1
1303	427	1
1303	197	1
1303	5109	1
1303	4681	1
1303	5376	1
1303	4287	1
1303	6387	1
1303	6314	1
1303	303	1
1303	4401	2
1303	7421	1
1303	5216	2
1303	7422	1
1303	4080	2
1303	6233	1
1303	7311	1
1303	5176	1
1303	6243	1
1303	5043	1
1303	314	1
1303	5660	1
1303	3590	1
1303	494	1
1303	1797	1
1303	4702	2
1303	5671	1
1303	5475	1
1303	3546	1
1303	7443	1
1303	618	1
1303	5834	1
1303	970	1
1303	2743	1
1304	5197	1
1304	4292	1
1304	5471	4
1304	4782	6
1305	5222	1
1305	69	1
1305	4812	1
1306	1352	1
1306	6123	1
1306	5629	1
1306	986	1
1306	7442	1
1307	1383	1
1307	7084	1
1307	1932	1
1307	7442	1
1307	1160	1
1308	1931	2
1308	2781	1
1308	5608	2
1309	2950	1
1309	5453	1
1309	2455	1
130	1489	2
130	4361	1
130	3462	1
130	4187	1
1310	4845	1
1310	4140	1
1310	3407	1
1311	2232	1
1311	5009	1
1312	1646	1
1312	3428	1
1312	6843	1
1313	2758	1
1313	1925	1
1313	1652	2
1313	1204	2
1313	2475	2
1313	919	2
1313	1141	1
1313	1062	1
1314	7256	1
1314	6719	1
1314	7336	1
1315	2811	1
1315	6534	1
1315	7250	1
1316	773	1
1316	7429	1
1316	2510	1
1316	5720	1
1316	6442	1
1317	1797	1
1317	5216	1
1317	90	1
1317	3377	1
1317	6537	1
1317	3604	1
1317	356	1
1317	1473	3
1317	5884	1
1317	4834	1
1317	1	2
1317	151	1
1317	2744	1
1317	7340	1
1317	2125	1
1317	7490	1
1317	7147	1
1318	6148	1
1318	1506	1
1318	6149	1
1319	969	1
1319	1550	3
1319	628	1
1319	682	1
1319	687	1
1319	317	1
1319	533	1
1319	705	1
1319	684	1
131	1504	1
131	1506	1
131	1771	1
1320	4935	1
1320	3830	1
1320	497	1
1320	4585	1
1320	3149	1
1320	3290	1
1320	265	1
1321	6306	1
1321	378	1
1322	4194	2
1322	7049	1
1322	4061	1
1323	3055	2
1323	1151	2
1323	4078	1
1323	4415	1
1324	5482	1
1324	1833	1
1324	5433	2
1324	7251	2
1324	4023	1
1324	545	1
1325	3493	1
1325	3857	1
1325	2815	1
1325	3206	1
1325	834	1
1325	3267	1
1325	3205	1
1326	2773	1
1326	319	1
1326	3344	2
1327	5264	1
1327	5576	1
1328	369	1
1328	94	1
1328	467	1
1329	890	1
1329	131	1
1329	137	1
132	147	1
132	322	1
132	471	1
132	460	1
132	648	1
132	720	1
132	5438	1
132	1009	1
132	967	1
132	1706	1
132	947	2
132	913	1
132	1367	1
132	5670	1
1330	3509	1
1330	3837	1
1331	1184	1
1331	1051	1
1331	1185	1
1331	107	1
1331	111	1
1331	1103	1
1331	146	1
1332	1205	1
1332	6475	1
1332	1235	1
1333	7315	1
1333	7007	1
1334	6318	1
1334	4624	1
1335	2197	1
1335	5579	1
1335	2451	1
1335	3517	1
1336	1071	1
1336	1067	1
1336	3248	1
1336	1077	1
1337	1139	1
1337	962	1
1338	184	1
1338	7280	1
1338	2222	1
1339	5566	1
1339	5457	1
1339	937	1
1339	7293	1
1339	215	1
133	4540	1
133	6225	1
1340	531	1
1340	2988	1
1341	2184	1
1341	6676	1
1341	5779	1
1342	622	1
1342	369	2
1342	6937	1
1343	7460	1
1343	7012	1
1343	2948	1
1343	206	1
1343	5500	1
1344	564	2
1344	2710	1
1344	5500	2
1345	1204	1
1345	7389	1
1345	6313	1
1345	3160	1
1345	5945	1
1345	4313	1
1346	4209	1
1346	4304	1
1346	5634	1
1346	4099	1
1346	1823	1
1346	6009	1
1346	1548	1
1346	5303	1
1346	440	1
1346	3526	1
1347	1249	1
1347	7442	1
1347	2100	1
1347	1364	1
1347	6808	1
1348	2587	1
1348	5766	5
1348	7374	3
1349	1149	1
1349	5380	1
1349	506	1
134	80	1
134	1053	1
1350	557	1
1350	3114	1
1350	2811	1
1351	3931	2
1351	151	1
1351	2141	1
1352	235	2
1352	557	3
1352	2108	2
1352	5389	1
1353	2643	1
1353	6336	1
1353	2521	1
1353	3963	1
1354	964	1
1354	1162	1
1354	1183	1
1355	671	1
1355	258	1
1355	33	1
1355	3724	1
1356	1341	1
1356	2860	1
1356	4723	2
1356	3766	1
1356	1000	3
1356	3502	1
1357	5277	1
1357	5227	1
1357	414	3
1357	95	1
1357	4101	1
1358	7489	1
1358	4863	1
1358	4832	1
1358	7518	1
1358	7476	1
1358	4862	1
1358	34	1
1358	613	1
1358	2323	1
1358	5085	1
1358	142	1
1358	758	1
1358	404	1
1358	4040	1
1358	1753	1
1359	4638	1
1359	4064	1
1359	6410	1
1359	7538	1
1359	5876	1
1359	4177	1
135	369	8
135	5260	2
135	3957	1
135	1328	2
135	912	3
135	1546	2
1360	7470	1
1360	5436	2
1360	4107	1
1360	1970	1
1360	4835	1
1360	7508	1
1360	2916	1
1360	81	1
1361	367	1
1361	25	1
1361	685	1
1361	2867	1
1362	5396	1
1362	18	2
1362	1417	1
1362	202	1
1362	5029	1
1363	2285	3
1363	1571	2
1363	2632	1
1363	5008	1
1364	1925	1
1364	5497	1
1364	2706	1
1364	1674	1
1364	3319	3
1365	2108	1
1365	2247	1
1365	4833	1
1366	517	4
1366	531	1
1366	410	2
1367	4401	1
1367	1981	3
1367	2336	1
1368	6080	6
1368	4225	1
1368	1413	1
1368	2807	3
1368	1415	1
1368	1124	2
1369	2884	1
1369	2885	1
136	1942	1
136	4550	2
136	2120	1
1370	549	1
1370	3968	1
1370	927	1
1370	361	2
1370	5461	1
1370	4683	1
1371	2857	1
1371	5781	1
1371	2380	1
1371	1057	1
1371	6399	1
1372	100	1
1372	4158	1
1372	4348	1
1373	1916	2
1373	917	1
1374	5085	1
1374	5468	2
1374	86	1
1374	2719	2
1374	3131	1
1374	4779	1
1375	6263	1
1375	2320	1
1375	5037	1
1376	4491	1
1376	5867	1
1376	2676	1
1376	7266	1
1376	6603	1
1376	351	2
1376	1529	1
1376	4833	1
1376	6398	1
1376	4829	1
1376	7477	1
1376	7485	1
1376	7486	1
1376	7487	1
1376	7478	1
1377	2945	1
1377	73	1
1378	2854	1
1378	4949	2
1378	6026	1
1378	2425	1
1378	266	3
1379	212	1
1379	1184	1
137	1219	1
137	1127	1
137	4373	1
137	6730	2
137	6033	1
1380	7171	1
1380	2001	1
1380	1096	2
1380	1925	1
1381	1660	1
1381	378	1
1381	439	1
1382	64	1
1382	418	1
1382	199	1
1383	4477	1
1383	3522	1
1383	6868	1
1384	2933	1
1384	151	1
1385	4163	1
1385	2460	1
1385	199	1
1386	5090	1
1386	3137	1
1386	697	1
1387	2637	1
1387	25	1
1387	4702	1
1388	4853	1
1388	3875	1
1389	3776	1
1389	2432	1
1389	5409	1
138	5336	1
138	3215	1
138	1273	1
138	3554	1
138	5253	1
138	6447	1
138	1773	1
138	95	2
138	4356	1
138	1226	4
1390	1573	1
1390	4833	1
1390	6398	1
1391	664	1
1391	2748	1
1391	6676	1
1391	452	1
1391	7238	1
1391	6399	1
1391	4833	1
1391	6398	1
1392	3121	1
1392	7104	1
1392	1181	1
1392	6802	1
1392	1461	1
1392	3112	1
1392	4058	1
1392	4869	1
1392	1246	1
1392	3113	1
1392	4889	1
1392	5516	1
1392	5515	1
1392	3047	1
1392	6805	1
1392	3781	1
1393	414	3
1393	517	2
1394	358	1
1394	7490	1
1394	869	1
1394	1842	1
1394	2714	1
1395	1673	1
1395	3585	1
1395	1364	1
1395	7427	1
1395	870	1
1395	3783	1
1395	3451	1
1396	2526	1
1396	1859	1
1396	1518	1
1397	7085	1
1397	696	2
1397	5027	2
1398	6686	2
1398	1507	1
1398	7369	1
1398	1347	1
1398	4168	1
1398	1501	1
1398	4598	2
1398	4765	1
1399	5386	1
1399	3316	1
1399	215	1
1399	3745	2
1399	1571	1
1399	2343	1
139	3076	1
139	3074	1
139	3082	1
139	3127	1
139	1193	1
139	4897	1
139	4907	1
139	4908	1
139	3681	1
139	3942	1
139	3087	1
139	3086	1
139	2553	1
139	3159	1
13	5335	1
13	3733	1
13	5396	2
13	1	2
13	2320	1
13	4598	1
13	3590	2
13	418	1
13	439	2
13	5263	1
13	108	2
13	991	2
13	6594	1
13	73	1
13	5613	1
13	4419	1
13	493	1
13	5390	1
13	4401	2
13	479	1
13	2	1
13	4348	1
13	2963	1
1400	418	1
1400	1854	1
1400	7112	1
1401	7198	1
1401	5423	2
1401	4344	1
1401	5009	2
1402	489	1
1402	3761	1
1402	2458	1
1402	3131	1
1402	7508	1
1402	5357	1
1402	7533	1
1403	1757	1
1403	538	3
1403	7435	1
1403	1855	1
1404	1183	1
1404	2693	2
1405	285	1
1405	936	1
1405	5907	1
1406	841	1
1406	1393	1
1406	767	1
1406	2683	1
1406	5781	1
1406	1054	1
1407	598	1
1407	599	1
1408	4342	1
1408	6293	2
1408	3794	1
1408	7536	1
1409	1222	1
1409	7206	1
1409	5542	1
1409	862	1
140	7346	1
140	2945	1
1410	424	2
1410	2733	1
1411	3551	1
1411	825	1
1411	557	1
1412	2861	1
1412	6801	1
1413	6931	1
1413	7455	1
1413	3802	1
1413	3229	1
1413	1304	1
1414	7198	1
1414	6415	1
1414	5735	1
1415	2764	1
1415	4089	1
1416	1218	1
1416	3009	1
1416	3003	1
1416	3008	2
1416	5516	1
1416	6835	1
1416	2997	1
1416	3121	1
1416	7402	1
1416	6495	1
1417	6175	1
1417	3478	1
1418	1883	1
1418	293	1
1419	870	1
1419	941	1
141	228	1
141	25	1
141	369	1
141	6597	2
1420	862	1
1420	7117	1
1420	1075	1
1421	7033	1
1421	1448	1
1421	4174	1
1422	1878	1
1422	6296	1
1422	4396	1
1423	3852	1
1423	6021	1
1423	6037	1
1424	1547	5
1424	6859	1
1424	697	1
1424	2072	1
1425	5499	1
1425	3131	1
1426	5508	1
1426	57	1
1426	2922	1
1427	6736	1
1427	1702	1
1427	7063	1
1428	3757	2
1428	5810	1
1428	361	1
1429	42	1
1429	6263	1
1429	3149	1
1429	4958	1
142	6544	4
142	6523	1
142	299	1
142	3749	1
142	902	1
142	42	1
142	5441	1
142	4168	1
142	3938	2
142	5936	1
142	3874	1
142	2554	1
142	414	3
142	1464	1
142	6696	3
142	390	4
142	96	1
142	6708	1
142	1283	1
142	63	1
142	6738	1
142	2570	1
142	1	1
142	4969	1
142	6769	1
142	4437	1
142	2762	4
142	4545	1
142	3990	1
142	5530	1
1430	3465	1
1430	4433	1
1430	6780	1
1430	3666	1
1431	6531	1
1431	2718	1
1431	3060	1
1432	7363	1
1432	2417	1
1432	3064	1
1432	5259	1
1432	42	1
1432	108	1
1432	5277	2
1432	1745	1
1433	240	1
1433	507	1
1433	1080	2
1434	799	1
1434	531	2
1435	1150	1
1435	964	1
1435	1497	1
1436	4665	1
1436	546	1
1436	5090	1
1436	4999	1
1437	4085	2
1437	3753	1
1438	6615	1
1438	6509	1
1438	6614	1
1439	7545	1
1439	7542	1
1439	7540	1
1439	7546	1
143	3338	1
143	1994	1
143	2948	1
143	1573	2
143	25	2
143	4989	1
1440	455	1
1440	1561	1
1440	1613	1
1441	4982	1
1441	215	1
1442	1409	1
1442	2582	1
1442	1088	1
1442	5014	1
1443	6090	1
1443	6554	1
1443	979	1
1444	7540	1
1444	7542	1
1444	7548	1
1444	7541	1
1444	7543	2
1445	678	3
1445	2995	2
1445	2814	1
1446	1694	1
1446	958	1
1446	6036	2
1447	2134	1
1447	624	1
1447	1784	1
1447	1785	1
1447	1517	1
1447	1786	1
1447	1783	1
1448	4791	1
1448	4346	1
1448	6798	1
1449	4989	1
1449	73	1
144	2334	2
144	2552	1
144	3516	1
144	3517	1
144	2046	1
144	3518	1
144	2531	1
1450	73	1
1450	7545	2
1451	6017	1
1451	6015	1
1451	2075	1
1452	2278	2
1452	989	2
1453	1151	2
1453	2327	1
1453	1338	1
1454	6312	1
1454	2811	1
1454	96	1
1454	3749	1
1454	8	1
1454	4	1
1454	15	1
1455	804	1
1455	6399	1
1455	7476	1
1455	6398	1
1455	7477	1
1455	7478	1
1455	7479	1
1455	7480	1
1455	7481	1
1456	3629	1
1456	314	1
1456	7540	1
1457	79	1
1457	7555	1
1458	1247	1
1458	4001	1
1458	1690	1
1459	3700	1
1459	1105	1
1459	7503	1
1459	1627	1
145	2141	1
145	5129	1
145	3749	1
145	3456	1
145	1857	1
145	985	1
1460	4441	1
1460	2233	1
1460	5009	1
1460	5728	1
1460	4607	1
1461	649	2
1461	1009	1
1462	2797	2
1462	4638	2
1462	6981	1
1463	2383	1
1463	2125	1
1463	1004	1
1464	7480	1
1464	4871	1
1464	7516	1
1464	7513	1
1464	4863	1
1464	4829	1
1465	545	2
1465	838	1
1465	532	1
1466	3735	1
1466	2508	1
1466	2787	1
1466	1938	2
1466	216	1
1466	504	1
1466	1823	1
1466	902	1
1466	1452	1
1466	4774	1
1467	2607	1
1467	1912	1
1467	2408	1
1468	64	1
1468	57	1
1468	56	1
1468	3276	1
1468	3270	1
1468	3271	1
1468	3272	1
1469	6700	1
1469	215	1
1469	4097	1
146	532	1
146	928	1
146	6053	1
1470	1204	2
1470	962	2
1470	1127	1
1471	361	2
1471	825	1
1472	25	2
1472	369	2
1472	428	1
1473	6110	1
1473	2508	1
1474	3348	1
1474	2586	2
1474	3585	1
1474	3699	1
1474	6128	1
1475	7359	1
1475	7405	1
1475	4153	1
1475	2210	1
1475	3345	1
1476	1602	1
1476	830	1
1476	3576	1
1477	1151	1
1477	4340	1
1478	63	1
1478	6445	1
1478	414	1
1478	5461	3
1478	1928	1
1479	2412	1
1479	5937	3
1479	937	1
147	2079	1
147	2174	2
147	1345	1
1480	7506	1
1480	1360	1
1480	7005	1
1481	4065	1
1481	378	1
1481	7571	1
1481	1155	1
1481	1154	1
1481	905	1
1482	620	2
1482	3968	1
1482	549	1
1482	893	1
1482	184	1
1483	238	1
1483	263	1
1483	2763	1
1484	7537	1
1484	459	1
1484	7549	1
1485	5617	1
1485	2118	1
1485	4623	1
1485	1480	1
1485	4756	1
1486	3633	1
1486	2111	1
1486	1549	1
1487	4524	1
1487	92	1
1487	35	1
1488	7477	1
1488	7485	1
1488	7488	1
1488	7479	1
1489	749	1
1489	2668	1
1489	2665	1
1489	2607	1
148	984	2
148	2473	1
1490	663	1
1490	664	1
1490	598	1
1491	6017	1
1491	1127	1
1491	1307	1
1492	5691	1
1492	3311	1
1492	342	1
1492	2675	1
1492	5818	2
1492	2325	1
1492	1510	1
1492	1070	1
1493	3235	1
1493	2409	1
1493	564	1
1494	3713	1
1494	5822	1
1495	3421	1
1495	3429	1
1495	4047	1
1495	7154	1
1496	4344	1
1496	2607	1
1496	2226	1
1496	7161	1
1497	1548	1
1497	462	1
1497	1101	1
1497	4983	1
1497	202	1
1498	834	1
1498	3206	1
1498	2815	1
1499	1175	1
1499	3003	1
1499	3044	1
1499	5515	1
1499	4889	1
149	1531	1
149	1609	2
149	1761	1
14	1857	1
14	4044	1
14	223	1
14	3749	1
14	4975	1
14	2460	1
14	12	1
14	5024	1
14	0	1
14	1253	1
14	5079	2
14	101	1
14	490	1
14	202	3
14	4845	1
14	10	2
14	2124	1
14	5192	1
14	2485	2
14	5191	1
14	5216	1
14	73	1
14	5092	3
14	4989	1
14	2508	1
14	5243	1
14	2784	1
14	547	1
14	3	1
14	2577	1
14	2890	1
14	813	1
14	1981	1
14	5052	1
14	2933	1
14	1866	1
14	5329	1
150	1449	1
150	2516	1
150	2551	1
150	3002	1
150	3200	1
151	1887	1
151	1594	2
151	3483	1
151	3485	1
151	3495	1
151	1535	1
151	2119	1
151	3694	2
151	3451	1
152	6641	2
152	5848	1
152	1626	2
152	7007	2
152	6013	1
152	5583	3
152	6943	1
152	1487	3
152	1219	2
153	2332	1
153	1167	1
153	2333	1
153	958	2
154	3038	1
154	6119	1
154	1822	1
155	5459	1
155	3820	1
155	2907	3
156	2624	1
156	2930	1
156	677	1
157	1031	1
157	1089	1
157	919	1
157	1444	1
157	1380	1
157	4696	1
157	2118	1
157	2069	1
157	2193	1
157	6524	1
157	4242	1
158	759	1
158	1369	1
158	1896	1
159	3511	3
159	3061	3
159	3779	1
159	3828	1
159	6101	1
15	41	3
15	1113	2
15	5074	10
15	3763	1
15	2712	1
15	3536	1
15	199	3
15	462	1
15	2794	1
15	6001	1
15	4977	1
15	4249	1
15	3728	1
15	229	1
15	2414	3
15	3064	1
15	6354	2
15	4274	1
15	804	1
15	4948	1
15	42	1
15	6600	1
15	3849	1
15	3938	2
15	5077	1
160	1629	1
160	1630	1
160	1631	1
160	1632	1
160	1633	1
160	1661	1
160	1553	1
161	1013	1
161	3350	2
161	3374	1
162	2437	1
162	2438	2
162	2439	1
162	1494	1
162	2778	1
162	2807	1
162	1627	1
162	2283	1
162	1420	1
162	3700	1
162	1373	1
162	4121	1
163	2031	1
163	2271	3
163	5587	1
163	4208	1
163	1108	1
164	1342	1
164	1483	1
164	1349	1
165	3529	2
165	3034	1
166	1683	3
166	2601	1
166	3473	1
167	2107	1
167	4855	2
167	3081	1
167	4239	1
167	1143	1
167	4297	1
167	5379	1
168	2792	4
168	1895	1
168	3468	2
168	1364	2
168	3613	1
169	2307	1
169	2334	1
169	2861	1
16	697	1
16	2072	1
16	6213	8
16	6083	1
170	4789	1
170	3081	1
170	6037	1
171	1399	1
171	3187	1
172	911	1
172	5819	1
172	42	1
172	4451	1
172	1947	2
172	5376	1
172	5257	2
172	505	1
172	3380	1
172	458	1
172	4086	1
172	1070	1
172	6326	1
172	24	1
172	243	1
172	4447	1
172	6754	1
172	4105	1
172	4516	1
172	5027	3
172	6700	1
173	4452	1
173	6138	1
173	2260	1
173	4627	1
173	6231	1
173	6241	1
173	4927	1
173	8	1
173	209	1
173	6423	1
173	3362	3
173	6450	1
173	1033	1
173	4634	1
173	266	9
173	3601	1
173	6046	2
173	462	2
173	2414	2
173	4107	2
173	5045	1
173	458	2
173	267	2
173	3156	6
173	2281	2
173	1027	1
173	5700	1
173	73	1
173	4781	1
173	378	2
173	3599	2
173	369	1
173	6372	1
173	5692	1
173	2269	1
173	6891	1
173	3552	1
174	6338	2
174	2221	1
174	6593	1
175	529	1
175	2609	1
175	2658	1
175	656	1
175	491	2
175	2139	1
175	1458	1
176	211	1
176	3970	1
177	5009	1
177	3041	1
177	5890	1
177	6299	1
178	5024	1
178	5092	1
178	4588	1
178	5112	1
178	1	2
178	16	1
179	442	1
179	840	1
179	375	1
179	107	1
179	80	1
179	127	1
17	2350	1
17	5784	1
17	157	1
17	148	1
17	156	1
17	158	1
17	249	1
17	169	1
17	248	1
17	251	1
17	168	1
17	167	1
17	150	1
17	153	1
17	254	1
17	152	1
17	154	1
17	253	1
17	255	1
17	2912	1
17	166	1
17	161	1
17	160	1
17	163	1
17	3531	1
17	5670	1
17	441	2
17	177	1
17	3207	1
17	2726	11
17	2463	2
17	5208	2
17	3578	1
17	4935	8
17	5932	1
17	885	2
17	2722	1
17	727	2
17	1784	1
17	2146	1
17	876	1
17	4120	1
17	3892	1
17	1724	1
17	1347	1
17	6161	1
17	626	1
17	2320	1
17	1720	1
17	6423	1
17	1796	4
17	3935	1
17	2419	1
17	294	1
17	497	1
17	2379	1
17	3764	1
17	4795	1
17	4720	1
180	1199	1
180	6590	1
180	2466	2
180	2830	1
180	1151	1
181	1711	2
181	5554	1
181	1543	1
181	403	1
182	2276	1
182	4730	1
182	794	3
183	1151	1
183	2901	3
183	2428	1
184	683	2
184	3513	1
184	2978	1
184	1845	2
184	2159	1
184	2160	1
184	4332	1
184	5157	1
184	5160	1
184	5175	1
184	5692	1
184	4450	1
184	3327	1
184	2496	3
184	6368	3
184	2571	3
185	375	1
185	412	2
185	1857	2
185	2288	3
186	5037	1
186	378	1
186	5329	1
186	133	1
187	938	1
187	1641	2
187	1642	1
188	4389	1
188	2590	1
188	3741	2
188	4656	3
188	920	1
188	2514	1
188	1204	6
188	1342	2
188	1830	1
188	1331	1
188	3585	2
188	4204	1
188	3695	1
189	4	1
189	5272	1
189	20	1
189	5299	1
189	5304	1
18	1325	2
18	274	1
18	609	1
18	107	1
18	886	1
18	188	1
18	139	1
18	709	1
190	2144	1
190	1933	1
190	1880	1
190	763	1
190	4457	1
190	3808	1
190	3331	2
191	1330	1
191	1418	1
191	1767	1
192	5054	1
192	5141	1
192	5072	1
192	5232	1
192	5034	1
192	5142	1
192	3437	1
192	5182	1
192	5248	1
192	1183	1
192	1158	1
192	1857	1
192	2288	3
192	2924	1
192	319	1
192	1221	1
192	614	1
192	1763	1
192	1804	1
192	2026	1
192	2279	1
192	985	1
192	931	3
192	3587	1
193	5368	1
193	58	1
193	6277	1
193	3954	2
193	335	1
193	3955	1
194	7153	1
194	5226	1
194	2331	1
195	3391	1
195	1987	1
196	4219	1
196	17	1
196	5536	1
197	4196	1
197	4312	1
197	406	1
198	127	1
198	236	1
198	1009	1
198	4861	1
199	4631	4
199	4658	1
199	2989	1
199	2254	1
199	1001	1
199	3959	1
19	432	5
19	551	1
19	1006	1
19	143	1
19	130	5
19	461	1
19	192	1
19	6087	2
19	5564	1
1	3591	1
1	4120	1
1	5637	1
1	1600	1
1	1933	3
1	1583	2
1	3808	2
1	5066	2
1	6696	1
1	6738	1
1	2657	1
1	54	1
1	53	1
1	1980	3
1	3598	1
1	813	2
1	118	1
1	3594	1
1	5506	1
1	4451	2
1	1549	2
1	7070	3
1	1784	3
1	1786	1
1	7088	1
1	7019	1
1	633	1
1	1783	1
1	1785	1
1	637	1
1	1787	1
1	1789	1
1	1790	1
1	1791	1
200	1453	1
200	2240	1
200	3548	2
200	1851	1
201	476	1
201	1417	1
201	3373	1
201	6117	1
201	4315	2
201	3874	1
201	5052	1
201	2	1
201	2702	1
201	5114	1
201	7097	2
201	1028	1
201	4630	1
201	5674	1
201	5986	1
201	773	1
201	4781	1
201	7203	1
201	2790	2
201	5012	1
202	5911	1
202	2212	1
202	98	1
202	2950	1
202	1547	1
202	414	2
202	935	1
202	66	1
202	2047	1
202	3723	1
202	2215	1
202	2268	1
202	64	2
202	57	1
202	256	2
202	3213	1
202	633	1
202	1549	1
202	2725	1
202	1509	1
202	3712	1
202	58	1
202	56	1
202	1213	1
202	3029	1
202	6129	1
203	15	1
203	361	1
204	6140	1
204	6575	2
204	6865	1
204	6057	1
204	799	4
204	275	1
204	1524	1
204	6050	1
204	7297	1
204	964	1
205	5058	1
205	348	1
206	3188	1
206	5378	1
206	3694	1
206	1130	1
206	1247	1
207	2972	1
207	5511	1
207	219	1
207	5566	1
207	5567	3
207	1241	1
207	5568	1
207	5569	2
207	3414	1
207	6073	2
207	1813	1
207	2653	1
207	369	1
207	2163	1
207	5917	6
207	2933	2
207	6773	1
207	3886	1
207	6303	2
207	6815	1
207	2108	2
208	4999	1
208	5314	1
208	6714	1
208	4665	1
208	6650	1
208	4108	1
208	4795	1
208	5819	1
208	4935	3
208	6795	1
208	3258	1
208	4484	1
208	3735	1
208	2441	1
208	836	3
208	2275	2
208	4143	1
208	532	1
209	2097	1
209	1183	1
20	743	1
20	554	1
20	339	2
20	500	1
20	147	3
20	738	1
20	886	1
20	888	1
20	889	1
20	374	2
20	609	1
20	1272	1
210	4557	1
210	5753	1
210	1899	1
211	4415	1
211	3322	1
211	3219	1
211	1741	1
211	1888	2
211	4239	1
212	609	2
212	1572	2
213	2195	1
213	3069	2
213	3188	1
213	2049	1
213	3222	1
214	1997	1
214	1998	2
214	1999	1
215	1484	1
215	4493	1
215	5136	1
216	931	1
216	361	1
216	957	2
217	705	1
217	144	1
218	2032	1
218	1351	1
218	4525	1
218	4068	1
218	4282	1
219	3590	1
219	5054	1
219	4	1
219	5038	1
219	5191	1
21	695	2
21	674	2
21	967	3
21	789	1
21	801	1
21	236	4
21	5564	3
21	1325	3
21	710	1
21	840	1
21	1185	1
21	1393	1
21	6087	1
21	338	1
220	2763	3
220	6937	1
220	1946	1
220	6888	1
220	6720	1
220	6907	3
220	428	1
220	438	1
221	5856	1
221	4564	1
221	1745	1
221	2460	2
222	893	1
222	3294	1
222	2623	1
222	2630	1
222	5666	1
223	792	1
223	1733	1
223	56	1
223	6275	1
223	6280	1
223	5847	1
224	2059	1
224	7094	1
224	1050	1
224	369	1
224	1183	1
225	2340	1
225	4264	2
225	5715	1
226	1849	1
226	6812	1
227	2495	1
227	2791	1
227	3534	1
227	465	1
228	4124	1
228	5287	1
228	5777	1
228	4317	1
228	6800	1
228	6642	1
228	3959	1
228	6896	2
229	1566	2
229	2301	2
229	2302	2
229	2303	2
229	1342	1
229	1849	1
229	1126	1
229	2363	1
229	1685	1
22	854	1
22	649	1
22	147	1
230	3162	1
230	2291	1
231	671	1
231	2799	2
231	453	1
232	2032	1
232	5985	1
232	5988	1
233	965	1
233	2108	1
233	1398	1
233	403	1
233	825	1
233	4254	1
233	3166	1
233	5754	1
233	3068	1
234	3947	1
234	3944	1
234	3942	1
234	3943	1
234	4910	1
234	3945	1
234	1191	1
234	3946	1
234	3071	1
234	3067	1
234	3355	1
235	1446	1
235	1674	1
235	1378	1
235	2687	1
236	4474	1
236	931	2
236	1282	1
236	2387	1
236	3343	1
236	4500	1
236	4412	1
236	235	1
236	4633	1
236	517	2
236	1573	2
237	1583	2
237	76	2
237	5678	2
237	3955	1
237	3379	1
237	5490	1
237	3209	1
237	1396	1
237	1045	3
238	2267	1
238	282	1
239	1143	1
239	1306	2
239	2153	1
239	3854	1
239	3423	1
239	2365	1
239	2032	3
239	4685	1
239	1829	1
239	3509	1
23	2614	1
23	5592	1
23	4661	1
23	5946	2
23	2589	1
23	3746	1
23	2948	2
23	71	1
23	662	1
23	675	1
23	600	1
23	598	1
23	599	1
240	4229	1
240	5092	1
240	12	1
241	6222	1
241	2372	2
241	2938	1
242	109	4
242	6544	1
242	340	1
242	4716	2
242	5436	1
242	519	1
243	1896	1
243	2980	1
243	2151	8
243	4579	2
243	4569	1
243	4581	1
243	893	2
243	3162	1
243	4603	1
244	24	1
244	223	1
244	12	1
245	1510	1
245	3094	1
246	5281	1
246	517	1
246	414	1
247	6332	1
247	1489	1
248	799	1
248	5963	1
248	3374	1
248	4994	1
248	6177	1
248	4703	1
248	1162	2
248	1891	1
249	6530	1
249	1623	1
249	1913	7
249	2695	1
249	54	1
249	3957	1
249	6019	1
249	319	1
24	743	1
24	615	4
24	388	1
24	111	1
24	853	1
24	888	1
250	3277	1
250	383	1
250	4428	3
250	564	2
250	4344	1
250	6153	2
250	6432	1
250	6759	1
250	7108	3
250	7115	1
250	7119	1
251	2377	1
251	1895	1
251	1151	2
251	2586	1
251	1131	1
252	6120	1
252	1800	1
252	5784	2
252	154	1
252	638	1
253	100	1
253	4283	1
253	6166	1
253	203	2
253	273	1
253	1	3
253	4278	1
253	3867	1
254	2001	1
254	986	1
254	3160	1
255	3363	3
255	3873	11
255	1867	2
255	4370	7
255	1301	4
255	4736	3
255	5504	2
255	2474	1
256	1315	1
256	2090	1
256	2465	1
256	1130	1
256	6456	1
256	1711	1
256	1202	1
256	4713	2
257	3809	2
257	4246	1
257	1920	1
257	2777	1
258	5055	1
258	2834	1
258	5628	1
258	2118	2
258	2376	1
259	2411	1
259	5043	1
259	42	1
259	2577	1
259	3714	1
25	4870	1
25	4871	1
25	2979	1
25	3786	1
25	103	2
25	104	1
25	1476	1
25	2419	1
25	2184	1
25	351	1
25	3877	1
25	1169	1
25	5438	3
25	700	1
25	5414	1
25	4472	1
260	1788	1
260	2824	1
260	2503	2
260	1973	1
260	4478	1
260	3210	1
260	7291	1
261	2067	1
261	1376	1
261	1494	1
262	3455	2
262	1811	2
262	4463	1
262	3456	1
262	1812	1
262	3454	1
262	1813	1
262	5016	1
262	564	4
262	5118	3
262	5124	1
262	5125	2
262	5133	1
262	5218	1
262	2710	1
262	1183	7
262	3457	1
262	4227	1
262	5369	2
262	4641	2
262	1390	3
262	3892	1
262	4014	6
263	186	1
263	419	2
263	700	1
263	1188	1
264	6652	3
264	5800	1
264	6404	1
264	1515	1
264	4170	1
264	1349	1
264	3695	1
264	1381	1
264	7000	2
264	5715	1
264	6886	1
264	2122	1
265	6589	2
265	3500	5
265	63	2
265	6239	4
265	1739	2
266	4491	1
266	887	1
266	560	1
267	2552	1
267	1301	1
267	1717	1
268	1061	1
268	1807	1
268	861	1
268	6488	2
268	4847	2
268	2556	1
268	919	1
268	1172	1
268	5991	3
268	6257	1
268	5771	1
268	6852	1
269	372	2
269	3853	2
269	2835	1
269	994	1
269	2400	1
269	758	1
269	498	1
269	2	2
269	2425	1
269	4353	2
269	6339	1
269	3567	1
269	3	1
269	4720	1
269	7027	1
269	3409	1
269	494	1
269	4845	1
269	4943	1
269	1976	1
269	937	2
269	417	2
269	3892	1
269	18	1
269	5003	1
269	6686	1
269	1833	1
269	5127	2
26	1023	5
26	3724	1
26	3760	1
26	2589	1
270	1993	2
270	5648	1
270	1994	1
270	1891	1
271	2605	1
271	88	1
272	1787	2
272	2801	1
272	2836	1
272	63	1
273	332	1
273	377	1
273	6052	1
273	2322	1
273	758	1
273	273	2
273	4740	1
273	1654	1
273	25	2
273	2480	2
273	3330	1
274	4588	1
274	5886	2
274	2425	2
274	6097	1
274	3800	1
274	896	2
274	4274	1
274	5127	1
274	5228	1
274	4352	1
275	2504	1
275	1485	1
275	6998	2
275	2122	1
275	1873	1
275	6116	1
275	6276	1
275	6488	1
275	2248	1
275	1215	2
276	4049	1
276	1731	1
276	6719	1
276	4122	1
276	1488	1
276	2593	1
276	1136	1
276	1031	2
277	5580	1
277	4774	1
277	1101	1
278	3537	1
278	6092	1
278	792	1
278	5374	1
278	3379	1
279	5115	1
279	5279	1
279	15	1
27	2127	2
27	1518	1
27	2143	2
27	2114	2
27	2178	1
27	2179	1
27	1936	1
27	2245	1
27	799	3
27	2541	1
27	2613	1
27	697	4
27	2618	1
27	2456	1
27	70	2
27	1064	1
27	2619	2
27	2622	1
27	2072	1
27	2761	1
27	1718	1
27	1547	3
27	2770	1
27	2772	1
27	964	1
27	2154	1
280	4115	1
280	1251	1
280	1802	1
281	2101	2
281	1127	2
281	1151	7
281	3322	1
281	1381	2
281	1383	2
281	1355	4
281	3394	1
281	3424	1
281	3459	1
281	3460	1
282	5206	1
282	5151	1
282	488	1
283	2107	1
283	6646	1
283	2148	1
283	6374	2
283	4631	1
283	1204	1
284	1822	1
284	3640	1
284	4250	1
284	4804	1
285	55	1
285	4494	1
285	68	1
285	4637	1
285	2875	1
285	3101	1
285	2198	1
285	823	1
285	5969	1
285	1577	1
285	276	1
285	62	1
285	2724	1
285	656	1
286	880	1
286	1248	1
287	10	2
287	1571	1
287	2851	1
287	4720	1
287	3867	1
287	4503	1
287	42	1
288	1288	1
288	1959	1
288	4430	1
289	2445	1
289	99	1
289	914	1
289	4904	1
28	745	1
28	208	1
28	3891	1
28	105	1
28	170	1
28	1185	1
28	1572	1
28	349	2
28	362	1
28	1428	1
28	1325	1
28	705	2
290	2322	1
290	4941	1
290	5658	1
290	2112	1
290	267	1
290	42	1
290	201	1
290	136	1
290	1938	1
290	4291	1
290	6442	1
290	4676	1
290	885	1
290	102	1
291	928	2
291	4392	1
291	5049	1
291	1278	1
291	258	1
292	1804	1
292	1276	1
292	6315	2
292	1893	1
292	2635	1
292	4654	1
292	4106	1
292	1273	1
292	1601	1
293	1242	1
293	2298	1
293	2008	1
293	1483	1
293	3349	1
293	956	1
294	1037	1
294	4156	1
294	6509	1
294	3839	1
294	1355	1
295	4008	1
295	1208	1
295	3336	1
295	5591	1
296	3276	1
296	3277	1
296	2836	1
296	3278	1
296	127	1
296	686	1
296	605	1
296	684	1
296	632	1
296	611	1
296	1827	1
296	2831	1
296	610	1
296	1151	1
296	3281	1
296	2829	1
296	3282	1
296	189	1
296	3284	1
296	3285	1
296	3286	1
296	2117	1
296	3288	1
296	458	1
296	2034	1
296	1955	1
296	2832	1
296	1771	1
296	3289	1
296	799	1
296	1436	1
296	2818	1
296	964	1
296	361	1
296	2197	1
296	234	1
296	1360	1
296	115	1
296	1972	1
296	2828	1
296	2827	1
296	133	1
296	414	1
296	1960	1
296	2809	1
296	3290	1
296	2808	1
296	1944	1
296	1796	1
296	1484	1
297	561	1
297	2257	1
298	6813	1
298	6475	1
298	1873	1
298	2672	4
298	6971	2
298	2557	1
298	4075	1
298	6124	1
298	1925	1
299	3221	1
299	2215	1
299	383	1
299	2956	1
299	619	1
299	1283	1
299	2146	1
299	6627	1
299	6628	1
299	2037	1
299	4670	1
299	1876	2
29	700	1
29	120	1
29	212	1
29	115	3
29	650	1
29	687	1
29	615	1
2	545	1
2	1475	1
2	3437	1
2	5243	1
2	5085	1
2	4221	1
2	202	1
2	2141	1
2	5501	7
2	4260	3
2	441	1
2	581	2
2	5723	2
2	517	1
2	53	1
2	62	1
2	4216	1
2	6088	1
2	6092	1
2	3029	1
300	1540	3
300	2731	2
300	2838	1
300	697	1
300	2622	1
300	887	1
301	356	1
301	2141	1
301	414	2
301	5846	1
301	58	5
302	3342	1
302	825	1
302	1608	1
302	3411	1
302	3305	1
302	1689	1
302	3493	3
302	3503	1
303	1649	2
303	7056	1
303	631	1
303	4610	1
304	6278	1
304	2120	2
304	2582	2
304	2991	1
304	3889	1
305	2710	1
305	2717	1
305	2409	1
306	6075	1
306	1894	1
306	825	1
306	1518	1
306	690	1
306	829	2
307	5096	1
307	5106	1
307	4	1
307	2890	1
308	3767	1
308	2901	1
309	1529	1
309	4410	1
30	5030	1
30	417	1
30	5092	1
310	4065	1
310	3131	1
311	604	1
311	131	1
311	130	1
312	6134	2
312	3462	1
312	6694	1
312	2517	2
312	1711	4
312	7126	2
312	7008	1
312	7188	1
312	1130	2
313	18	1
313	820	1
313	4667	1
313	90	1
314	97	1
314	176	1
314	671	1
315	2383	1
315	408	1
315	3761	1
315	3851	1
315	1253	1
315	3870	1
315	1772	1
315	1877	1
315	4109	1
315	1737	1
316	410	1
316	799	2
316	6250	1
316	689	1
316	361	1
317	2979	1
317	1054	1
317	3567	1
318	3184	1
318	2324	1
318	1400	1
318	559	1
318	407	1
318	3162	1
318	2315	1
318	361	1
318	369	1
318	7501	1
319	3028	1
319	1838	1
31	5273	1
31	2320	1
31	3690	1
31	202	1
320	931	2
320	6107	1
321	5740	1
321	5799	2
321	6719	1
321	3812	1
322	6419	1
322	1222	1
322	6477	1
322	1489	1
322	2464	1
322	1453	1
322	4363	1
323	1798	1
323	2547	1
323	1949	2
323	3804	1
323	1282	1
323	1876	1
323	3243	1
323	2776	1
324	1060	1
324	1618	1
324	3443	3
324	3481	3
325	4424	1
325	528	1
325	530	1
325	2009	1
325	414	2
326	4710	1
326	1546	1
326	392	2
326	62	1
326	6228	1
327	4516	1
327	73	1
327	15	1
327	494	1
328	5819	2
328	6093	1
328	4630	1
328	6117	1
328	5123	1
328	1981	1
328	110	1
328	4109	1
328	1796	1
328	5968	1
328	2132	1
328	1672	1
328	199	1
328	41	2
329	4393	1
329	6029	1
329	5903	1
329	4669	1
329	3658	1
329	53	1
329	3638	1
329	619	1
329	2486	1
32	1945	1
32	2281	3
32	2714	2
32	4511	1
32	4694	1
32	462	1
32	758	1
32	4742	1
32	768	5
32	2684	1
32	2972	1
32	223	1
32	199	1
32	17	1
32	547	2
32	1516	1
32	813	1
32	5227	1
32	5457	2
32	5029	1
32	1752	2
32	5486	1
32	5027	1
32	435	1
32	4699	1
32	272	1
32	5058	1
32	1879	1
330	3376	1
330	869	1
330	3547	1
331	2152	1
331	1715	1
332	4828	1
332	5926	1
332	1429	1
333	1995	1
333	4136	1
333	1208	1
334	1906	1
334	4368	1
335	834	1
335	2815	1
335	3493	1
335	3190	1
335	1689	1
335	1886	1
336	3795	1
336	3226	1
336	3432	1
336	2339	1
336	6623	1
336	1815	1
337	2032	1
337	2689	1
337	4473	1
338	53	1
338	63	1
338	66	1
339	3777	1
339	868	1
339	831	1
33	1737	1
33	42	1
33	121	1
33	122	1
33	905	2
33	1154	1
33	1155	1
33	124	1
33	5712	1
33	5045	1
33	4675	4
33	4725	1
33	5877	1
33	5986	3
33	5521	6
33	545	2
33	199	3
33	3845	1
33	2793	2
33	5074	3
33	2132	1
33	773	1
33	635	1
33	6241	1
33	6242	1
33	6244	1
33	307	1
33	5614	1
340	3654	1
340	1432	1
340	4819	1
341	3452	1
341	2961	1
341	4695	1
342	1883	1
342	620	1
343	255	1
343	248	1
343	165	1
343	155	1
344	683	1
344	2269	2
345	5034	1
345	1866	1
345	2141	1
346	3437	1
346	951	1
347	1792	1
347	1795	1
347	657	1
347	659	1
347	656	1
348	4430	1
348	6038	1
348	962	1
348	6124	1
349	518	1
349	673	1
349	517	1
349	1588	1
349	5927	1
349	598	1
34	1102	1
34	1295	1
34	2959	1
350	3067	1
350	3154	1
350	4944	1
350	3078	1
351	5866	1
351	3537	3
351	3165	1
351	3633	1
351	1549	1
351	619	1
351	6925	1
351	383	1
351	871	1
352	6151	1
352	6309	1
352	6310	1
352	2812	1
352	6490	1
352	6148	2
352	6311	1
352	5202	1
352	2811	1
353	2128	1
353	5930	1
353	2822	1
354	5092	1
354	5283	1
354	952	1
355	1749	1
355	3505	1
355	2656	1
355	3506	1
355	3956	1
355	7022	1
356	3388	1
356	3153	1
356	1165	1
356	4890	1
356	4886	1
356	3047	1
357	4703	1
357	2820	1
357	1518	1
358	2984	2
358	1739	1
358	3402	1
359	6337	4
359	71	3
359	5754	1
359	3596	1
359	5927	1
35	3635	1
35	5509	1
35	6211	1
35	1467	1
35	2821	1
35	2114	1
35	3239	1
35	6610	1
35	2820	1
35	5727	1
360	3777	1
360	914	2
360	517	1
361	3474	1
361	6172	1
361	2966	1
362	5902	1
362	4916	1
363	3491	1
363	4085	1
363	3753	1
364	5277	1
364	42	1
364	4252	1
364	2762	1
364	5281	1
364	5096	1
364	5299	1
364	5302	1
364	5166	1
364	5304	1
364	5143	1
364	1154	1
364	1155	1
364	124	1
364	4999	1
364	5028	1
364	5329	1
364	17	1
364	378	1
364	483	1
364	5192	1
364	142	1
364	4684	1
364	1843	1
364	302	1
364	5355	1
364	5356	1
364	4447	2
364	3761	1
364	1233	1
364	1243	1
364	5588	1
364	5589	1
364	5591	1
364	5685	1
365	4030	1
365	5478	1
365	7275	1
366	1126	1
366	1151	1
366	6091	1
367	1217	2
367	3154	1
367	1208	1
367	3336	1
367	3337	1
367	3338	1
367	3339	1
367	3351	2
367	3352	1
367	3353	1
367	3354	1
368	2274	1
368	4523	1
368	3575	1
368	865	1
368	3107	1
368	1307	1
368	1887	1
368	3484	1
368	4823	1
368	1096	1
368	4956	1
369	3969	1
369	3992	5
369	4033	1
369	1128	2
369	1130	1
369	1711	2
369	3430	1
369	4606	1
369	1849	1
36	3227	1
36	3229	1
36	3230	1
36	3970	1
370	920	1
370	5582	1
370	5715	2
370	5849	1
370	5134	1
370	3349	1
370	1453	1
371	1283	1
371	2362	1
371	2723	1
372	203	1
372	2	2
372	1	1
372	3316	2
372	268	1
373	1678	1
373	1370	1
374	224	1
374	5560	1
374	1003	1
375	1332	1
375	3369	1
375	3445	1
375	2205	1
375	428	2
375	2176	1
375	2188	1
375	2170	1
375	6963	1
375	477	2
375	2168	1
375	5553	1
376	6083	1
376	5809	1
377	6902	1
377	939	1
377	4824	1
378	5282	1
378	5107	1
378	17	1
378	202	1
378	488	1
379	2756	1
379	897	3
379	5452	1
37	3029	2
37	25	2
37	202	2
37	94	1
37	4983	1
37	16	1
37	5003	1
37	73	1
37	5191	1
37	5255	1
37	5179	1
37	5092	1
37	5283	1
37	418	1
37	2320	1
37	5329	1
37	3527	1
37	3658	1
380	1923	1
380	4242	1
380	4659	2
380	3432	1
380	1832	1
381	235	1
381	4619	1
381	2233	1
381	4808	1
382	434	1
382	137	1
382	605	1
382	795	1
382	632	1
383	3253	1
383	4482	1
383	1882	1
383	2609	1
384	935	1
384	3723	1
384	2711	1
384	3507	3
384	1881	1
384	871	1
384	1651	1
384	3805	1
384	2924	1
384	3806	1
384	872	1
384	2925	1
384	2025	1
384	1691	1
384	3811	1
384	3827	1
384	1147	1
384	3884	1
384	3893	1
384	2858	1
384	3312	1
384	3949	1
384	3954	1
384	3955	1
384	2144	1
384	3974	1
384	3975	1
384	3976	1
384	3977	1
384	1017	1
384	3978	1
384	3979	1
384	1848	1
384	3980	1
384	3981	1
384	651	1
384	636	1
384	1622	1
384	2558	1
384	1802	1
384	891	1
384	4012	1
385	75	1
385	829	1
386	1711	1
386	1873	2
386	6800	1
386	1220	1
387	2205	1
387	3824	1
387	3825	1
387	2204	1
387	2203	1
388	1607	1
388	1605	1
388	1604	1
388	1491	1
389	3653	1
389	799	3
389	410	1
389	414	2
389	6467	1
389	2655	1
389	5640	1
389	1183	1
389	1023	2
389	0	1
389	6890	1
38	564	5
38	5340	1
38	720	1
38	2232	1
38	2408	2
38	2235	1
38	4440	4
38	5347	1
38	4344	3
38	2233	1
38	2409	1
38	2663	1
38	749	1
38	4232	1
38	4680	2
38	3302	1
38	3242	3
38	5934	2
38	6107	2
38	1914	3
38	4812	1
38	4638	1
38	6451	6
390	6148	1
390	6308	1
390	2808	1
390	6329	1
390	6328	1
390	2809	1
390	1746	1
390	1782	1
390	610	1
391	1067	1
391	3249	1
391	1071	1
391	1072	1
392	677	1
392	298	1
392	1282	1
392	6074	1
393	697	2
393	785	1
393	794	1
393	70	1
393	685	1
393	2885	1
393	4948	1
393	7309	1
393	1470	1
393	1540	1
393	5760	1
393	1823	1
394	1160	1
394	3189	1
394	2788	1
394	4713	1
395	5545	1
395	4644	1
395	2446	1
395	5967	1
396	1757	1
396	3481	1
396	5008	1
396	200	1
397	5931	1
397	1064	2
397	7108	1
398	864	1
398	6116	1
398	6270	1
399	697	3
399	2619	1
399	6882	1
399	6199	1
399	6556	1
399	6234	1
39	3599	1
39	2510	1
39	5392	1
39	1149	1
39	2561	3
39	4251	1
39	4292	1
39	108	1
39	2791	2
39	2917	1
39	6303	9
39	6352	4
39	5910	1
39	2914	1
39	4739	1
39	4634	2
39	852	2
39	445	1
39	1571	3
39	2506	1
39	1183	2
39	6696	3
39	4104	1
39	6701	1
39	58	1
39	3559	1
39	354	1
39	2044	1
39	702	1
39	2421	2
39	1622	1
39	2319	1
39	59	1
3	3596	1
3	964	1
3	68	1
3	6664	1
400	5298	1
400	1700	1
400	2684	1
400	2523	1
400	506	2
400	5194	1
400	1705	1
400	2867	1
401	5304	1
401	1866	1
401	5273	1
401	17	1
402	2685	1
402	5970	1
402	1878	1
402	2406	1
402	68	1
402	1939	2
402	2609	1
402	931	2
402	3510	1
402	4874	1
402	6440	1
403	954	1
403	5803	1
403	1355	1
403	4550	1
404	4413	1
404	5110	1
404	2460	1
404	3726	1
404	5152	1
404	215	1
404	5353	1
405	5926	1
405	6467	1
406	1145	1
406	4815	1
406	3932	1
407	3273	1
407	1788	1
407	6595	1
407	1784	1
407	1786	1
407	1783	1
407	624	1
408	7040	1
408	6295	1
409	6615	2
409	1087	1
409	6391	1
409	6751	1
40	3062	1
40	832	1
40	6261	1
40	3493	1
40	6262	1
40	1414	1
40	747	1
40	3712	3
40	5822	2
40	6277	1
40	5296	2
40	915	1
40	4293	1
40	1055	1
40	3978	1
40	792	1
410	678	6
410	6109	4
410	1245	1
410	1886	1
411	6660	1
411	977	1
411	1652	1
412	4170	3
412	4175	2
412	2301	1
412	2942	1
413	6717	1
413	1118	1
413	839	1
413	5991	1
414	6123	1
414	5799	1
414	1932	1
414	7071	1
415	208	3
415	3341	1
415	258	1
416	947	1
416	131	1
417	1398	1
417	549	1
417	4501	1
417	1619	1
418	3881	1
418	3882	1
418	345	1
419	695	1
419	6561	1
419	615	1
419	4741	1
419	606	1
41	886	1
41	738	1
41	555	3
41	739	2
41	147	2
41	889	1
41	1053	1
41	647	1
41	1188	1
420	5428	1
420	3418	1
420	226	1
421	4304	1
421	5468	1
421	5499	1
421	696	1
421	995	1
421	5580	1
421	459	1
422	5663	1
422	2801	1
423	4473	1
423	1743	1
423	4752	1
423	4430	1
423	4246	1
423	986	1
423	4903	1
423	2901	1
424	2097	1
424	2596	1
424	1147	1
424	4149	1
425	1484	1
425	2338	1
426	3200	1
426	919	1
426	6695	2
426	6905	2
426	6902	1
426	2122	1
426	1711	2
426	3742	1
426	1873	1
427	3751	2
427	1947	1
427	228	1
428	5803	1
428	1088	3
428	944	1
428	5996	3
428	2335	2
429	1807	2
429	2008	1
42	4875	1
42	4610	1
42	4686	1
42	677	3
42	1914	2
42	4817	2
42	1052	2
430	893	2
430	559	3
430	5644	1
430	825	1
430	2559	2
431	2020	1
431	1	1
431	4228	1
432	2338	4
432	4533	1
432	1969	1
432	2337	1
432	4575	1
432	4566	1
432	4576	2
433	1180	1
433	3046	1
433	1246	1
433	3047	1
434	731	1
434	4994	1
434	740	1
435	1336	2
435	1630	2
435	1806	1
435	2282	2
435	6016	1
436	3383	1
436	7222	1
436	4626	1
437	2241	1
437	1932	1
437	6581	1
437	1238	1
438	5907	1
438	4961	1
439	319	1
439	530	2
43	2215	1
43	4104	1
43	4112	1
43	456	1
43	2733	1
440	6145	1
440	2150	1
440	6158	1
440	3912	1
441	3188	1
441	6404	1
441	1306	1
441	3081	1
441	3682	2
441	3433	2
442	2380	1
442	2396	1
442	4309	1
442	7177	1
442	1183	1
442	1857	2
442	2288	1
442	1901	1
442	3364	1
443	22	1
443	37	1
443	4	1
443	4667	1
443	20	1
443	497	1
443	19	1
443	4993	1
443	3441	2
443	21	1
443	4252	1
443	2573	1
443	303	1
443	301	1
443	4551	1
443	1501	1
443	1757	1
443	2412	1
443	1507	1
443	3813	1
443	2798	1
443	773	1
443	5596	1
443	3604	1
443	1505	1
444	75	1
444	878	1
444	851	1
445	3355	1
445	3071	1
445	3067	1
445	3942	1
445	3943	1
445	3944	1
445	3945	1
445	1191	1
445	3946	1
445	3947	1
445	3126	1
445	1123	1
446	233	1
446	6326	1
446	3984	1
446	1861	1
447	2600	1
447	2663	1
447	6296	1
448	3528	2
448	129	2
448	1025	1
448	4443	1
448	1168	2
449	2024	1
449	2609	3
449	4281	1
44	2827	2
44	4648	2
44	3970	1
44	5586	2
44	6487	1
44	1436	1
450	6126	1
450	1729	1
450	7256	1
451	183	1
451	805	1
451	127	1
451	191	1
451	948	1
451	5564	1
452	4761	1
452	1539	1
452	2414	1
452	2798	1
453	3812	1
453	962	1
453	1204	1
453	1315	1
453	2590	3
454	434	1
454	788	1
455	6453	1
455	6418	1
455	2549	1
456	3502	2
456	6571	1
456	1094	1
456	5738	1
456	2405	1
456	1156	1
456	6013	1
456	1219	3
457	228	1
457	5215	1
457	5023	1
458	5888	1
458	444	1
458	7013	1
459	2321	1
459	2836	1
459	4639	1
45	1642	1
45	4092	3
45	95	1
460	4598	1
460	2762	1
460	2712	1
461	3335	1
461	2402	2
461	2401	2
461	96	2
461	3152	1
461	2539	1
461	2543	1
461	6321	1
461	624	1
461	4381	1
461	6344	1
461	3463	1
461	2981	1
461	3037	1
461	1434	1
461	3860	1
461	2649	1
462	4925	1
462	4444	2
462	2390	1
462	2953	1
463	1156	1
463	6091	1
463	2672	1
463	7074	1
463	4460	1
464	1686	1
464	407	2
464	846	1
464	5810	1
464	4376	1
465	3437	2
465	4452	1
465	5092	1
466	1700	1
466	1844	1
466	225	1
467	6376	1
467	919	1
467	2826	1
467	2673	1
467	3961	1
468	101	1
468	4707	1
468	3131	1
468	476	1
468	199	1
468	2017	1
469	1592	1
469	3349	2
469	4045	1
469	1416	1
469	3532	1
469	2065	1
469	4342	1
469	4361	1
469	2837	1
46	3630	2
46	96	1
46	1651	1
46	4134	2
46	1822	1
46	3916	1
46	6100	3
46	3620	2
46	3619	2
46	799	2
46	4811	1
46	6365	1
46	6434	2
46	3399	1
46	2109	2
46	1579	1
46	68	1
46	4457	1
46	2146	2
46	654	1
46	2044	10
46	384	1
470	839	1
470	4522	1
470	3219	1
470	1249	1
471	6510	1
471	2196	1
471	6513	1
471	2165	1
472	190	1
472	3274	1
472	6698	1
472	1046	1
472	624	1
472	2215	1
472	1266	1
473	564	1
473	2223	1
473	678	1
473	4938	1
473	1741	1
473	1873	1
474	1037	1
474	3081	1
474	4715	2
475	8	1
475	3	1
475	5713	1
475	1982	3
475	4700	1
475	3149	1
475	746	1
475	758	1
476	5370	1
476	3818	2
476	3825	1
477	2010	1
477	5257	1
477	4594	1
478	56	1
478	3018	1
478	2823	1
478	3277	1
478	4026	1
478	3636	1
479	3066	1
479	3122	1
479	3123	1
479	3159	1
479	2553	1
479	3085	1
47	4065	1
47	90	1
47	5305	1
47	5315	1
47	5148	1
480	97	1
480	887	1
480	2146	1
481	414	1
481	1711	1
482	5848	1
482	1219	2
482	1220	1
482	1124	2
482	1711	6
482	2005	1
482	7141	2
482	7100	1
482	5817	2
483	2190	1
483	2931	1
483	6193	2
484	5623	1
484	620	1
484	3187	1
484	525	2
485	484	1
485	192	1
485	6087	1
485	5564	1
485	1573	1
486	1566	1
486	3509	1
487	3070	2
487	3906	1
487	6090	1
488	5418	1
488	3550	1
488	1734	1
488	1866	1
488	82	1
488	5030	7
488	2895	3
488	2407	1
488	5965	2
488	4114	1
488	2639	1
489	3131	1
489	1866	1
489	5092	1
489	2702	1
48	3021	1
48	25	1
490	266	1
490	4694	1
490	3724	1
491	3560	1
491	73	1
491	1795	1
491	475	1
492	414	1
492	4294	1
492	5430	1
492	4468	1
492	5987	1
493	2431	1
493	6785	1
494	4460	3
494	6971	2
494	6375	1
494	2516	1
494	6037	1
494	6158	2
495	3394	1
495	5348	1
495	1128	1
495	3450	2
495	4459	1
496	5540	1
496	1288	1
496	3058	1
496	5699	1
496	5945	1
497	5169	1
497	5182	1
497	5185	1
497	4996	1
497	3224	1
498	5488	1
498	5506	1
498	1253	1
498	5593	1
498	5861	1
499	4387	2
499	585	1
499	591	1
49	15	1
49	1866	1
49	5371	1
49	2028	1
4	119	5
4	243	1
4	545	1
4	20	1
4	813	2
4	5171	1
4	3732	1
4	112	1
4	10	1
4	2184	1
4	149	1
4	3032	1
4	777	2
4	6247	1
4	30	1
4	1070	1
4	175	1
4	2419	1
4	5526	1
4	458	1
4	4795	1
4	4451	1
4	2336	1
500	3912	1
500	6069	1
500	1589	1
500	7256	1
500	4213	1
501	6051	1
501	1653	1
501	2772	1
502	5852	1
502	898	1
502	67	1
502	1782	1
503	620	1
503	403	1
503	927	1
504	4225	1
504	6377	1
504	4030	1
505	7034	1
505	2876	1
505	5631	1
505	1876	1
505	1281	1
505	1460	1
505	7038	1
505	1523	1
505	7045	2
505	3910	2
505	3224	1
505	733	3
505	411	2
505	2478	1
505	5450	1
505	3407	1
506	2153	1
506	2515	1
506	1117	2
506	4246	1
506	1711	2
506	1130	1
506	4036	1
506	4752	1
506	1692	1
506	7037	1
507	2008	1
507	6043	1
507	1403	1
507	6505	1
508	4430	1
508	4938	1
508	1423	1
509	2398	1
509	3773	1
509	4936	1
509	4757	1
50	886	1
50	107	1
50	128	1
50	788	1
50	908	1
50	649	1
50	419	1
50	339	1
510	5171	1
510	2910	1
510	25	1
511	4734	1
511	534	1
512	101	1
512	2565	1
512	4787	2
512	15	2
512	5130	1
513	3848	1
513	2008	1
513	2758	1
514	672	1
514	2456	1
514	697	1
514	4528	1
514	6030	1
515	6962	2
515	5522	1
515	3612	1
515	1235	1
515	2516	1
515	6103	1
516	5993	1
516	3590	1
516	2712	1
516	2	1
516	952	1
516	1073	1
516	2915	2
516	1417	1
516	269	3
516	6269	1
516	5402	1
516	7111	1
516	464	1
516	2017	1
516	6697	1
516	6815	1
516	885	1
516	3801	1
516	6303	4
516	241	1
517	6432	1
517	5404	1
517	5550	1
518	933	1
518	2546	1
518	1084	1
518	3356	1
519	12	1
519	5193	1
519	5076	1
51	1034	1
51	304	1
51	10	1
51	1073	1
51	1432	1
520	5541	1
520	2237	1
520	2283	1
521	600	1
521	7057	1
521	518	1
521	566	1
521	1326	1
521	893	1
521	3909	1
521	361	2
521	5622	1
521	1496	2
521	7108	1
521	7015	1
521	7113	1
521	7115	2
521	7119	1
521	6089	1
522	5687	3
522	1657	2
522	4619	1
522	2710	2
523	5735	1
523	5890	1
523	564	2
523	6055	1
524	996	1
524	2108	4
524	6073	1
524	2276	2
524	799	1
525	4349	1
525	918	4
525	1876	1
525	5881	1
525	2014	2
526	414	1
526	3422	1
526	1749	1
526	1221	1
526	68	1
527	3937	1
527	266	1
527	270	1
527	4809	1
527	1935	2
527	905	1
527	2129	1
527	304	1
527	2703	1
527	5831	1
528	1624	1
528	1087	1
528	6798	1
529	2468	1
529	1568	1
529	4045	1
529	5817	2
529	4262	1
529	7074	1
52	2498	1
52	517	1
52	3034	1
530	4624	1
530	1594	1
530	1711	1
530	6979	1
530	5775	1
530	7035	1
530	7037	1
531	547	1
531	301	1
531	2414	1
531	462	1
531	1809	1
531	265	1
532	5937	1
532	5979	1
532	5819	1
532	3726	1
532	17	1
532	6023	1
532	6048	1
532	2884	2
532	4151	2
532	3376	3
532	244	1
532	3291	2
532	2281	4
532	3861	1
532	4141	1
532	6166	2
532	3296	2
532	1823	2
532	3589	1
532	628	1
532	1941	1
532	1820	2
532	2701	1
532	6347	3
532	1452	1
532	1022	1
532	2787	1
532	271	4
532	3735	1
532	6823	1
532	466	1
532	3892	1
532	24	1
532	5303	3
532	6229	1
532	6815	1
532	7014	1
532	2355	2
532	4783	1
532	1569	1
532	6215	1
532	414	1
532	3677	1
532	3609	1
532	5442	1
532	623	1
532	3300	1
533	2815	1
533	4465	1
534	4241	1
534	1571	1
534	5349	1
534	4147	1
534	220	1
534	1029	1
534	4375	2
534	5929	1
534	4461	2
534	2805	1
534	697	9
534	1064	1
534	70	3
534	2072	1
534	4142	1
534	201	1
534	959	1
534	3907	1
534	6138	1
534	1975	1
534	5566	1
534	972	1
534	4285	1
534	911	1
534	5311	1
534	266	2
534	3236	1
534	2425	3
534	1813	1
534	5873	2
534	6108	1
534	3599	1
535	4934	1
535	2383	1
535	6354	1
535	1757	1
535	5331	1
535	2017	1
535	1430	1
536	525	7
536	2739	2
536	1902	2
537	2473	1
537	3840	1
537	3227	1
538	4792	1
538	1942	1
538	2504	1
539	4941	1
539	6427	1
539	5845	1
539	6428	1
539	4834	1
539	3990	1
539	2721	1
539	3296	1
539	4974	1
539	3131	1
539	2892	1
539	5107	1
539	6429	1
539	309	1
539	5184	1
539	3043	1
539	7	1
539	1796	1
539	6430	1
539	311	1
539	4939	1
539	902	1
539	43	1
539	44	1
539	42	1
539	39	1
539	1944	1
539	5244	1
539	312	1
539	4977	1
539	133	1
539	4544	1
539	313	1
539	813	1
539	1981	1
539	5227	1
539	5043	1
539	2878	1
539	3224	1
539	2771	1
539	505	1
539	506	1
539	314	1
539	266	1
539	267	1
539	3601	1
539	363	1
539	6436	1
539	547	1
539	5709	1
539	2712	1
539	265	1
539	532	1
539	458	1
539	417	1
53	4482	1
53	2844	1
53	6583	1
53	6510	1
540	854	1
540	754	1
540	645	1
540	611	1
541	3730	1
541	12	1
541	5028	1
541	3	1
541	369	3
542	978	1
542	5226	2
543	4440	1
543	5347	1
543	5990	1
544	6621	1
544	1705	1
544	2293	1
545	1757	1
545	5096	1
545	5127	3
545	3764	2
545	1702	2
545	2731	1
545	6010	1
546	2700	1
546	5490	1
546	4117	1
547	1017	1
547	3661	1
547	1765	1
547	2544	10
547	1198	1
547	316	1
547	6295	1
547	4166	1
548	1455	1
548	6560	1
548	1096	1
548	4239	1
548	1403	3
548	3070	1
548	6845	1
549	6026	1
549	90	1
549	4449	2
549	1700	1
549	4466	1
549	6858	1
549	4999	1
549	4509	1
549	1101	1
549	1539	1
549	267	1
54	1148	1
54	2210	1
54	5374	2
550	3443	1
550	2964	1
550	68	6
550	6119	1
550	3598	1
550	238	1
550	529	1
551	4961	1
551	799	2
551	1496	1
552	4796	1
552	4065	1
552	4401	1
552	4537	1
552	6633	1
552	972	1
552	5114	1
552	4941	1
552	1027	1
552	41	1
552	5386	1
552	3988	1
552	6781	1
552	4394	1
552	247	1
552	249	1
552	169	1
553	888	1
553	375	1
553	412	1
554	1157	1
554	4271	1
554	6118	1
555	3471	1
555	2463	1
556	6325	1
556	2292	1
556	1000	2
556	6792	1
556	4360	1
557	91	1
557	5231	1
557	5245	1
557	5293	2
557	5053	1
557	5330	1
558	696	3
558	4969	1
558	1	1
559	5913	1
559	5922	1
55	4383	1
55	2126	1
55	690	1
55	860	1
55	4250	1
55	1901	1
55	178	1
560	225	1
560	2343	1
560	268	1
560	6795	2
560	5563	1
560	136	1
560	476	4
560	304	2
560	4327	7
560	5123	1
560	1	1
561	1111	4
561	4550	2
561	1711	1
561	1302	1
562	4339	1
562	4430	1
562	2005	1
562	1694	1
563	517	1
563	25	2
563	7446	1
564	5984	1
564	1784	2
564	6012	1
565	3411	1
565	5942	1
565	742	1
565	7059	1
565	549	1
565	1602	1
565	923	1
565	1368	1
565	5835	1
566	522	1
566	574	1
566	414	1
567	1906	1
567	6880	1
567	1912	1
567	7106	1
567	2685	1
567	751	1
567	563	1
567	5339	1
567	740	2
567	887	1
567	2325	1
568	2460	1
568	3726	1
568	3458	1
568	3986	2
569	3875	1
569	4747	1
569	506	2
569	3373	1
56	5022	1
56	5082	1
56	4975	1
56	5364	1
56	3236	1
56	5358	1
56	3953	1
56	1721	1
56	2787	1
56	1080	1
56	201	1
56	4143	1
56	5917	1
56	3223	3
56	1724	1
56	4716	2
570	2416	1
570	5273	1
570	6082	1
570	2458	1
571	6452	1
571	1711	1
571	1151	1
571	1203	1
571	7037	1
572	671	1
572	4733	1
572	413	1
572	3098	1
572	4491	1
573	5661	1
573	3184	1
573	1604	1
573	831	1
573	2315	1
573	874	1
573	3342	1
573	825	1
573	6755	1
573	868	1
573	557	1
574	1752	2
574	4391	1
574	543	1
574	5027	2
574	6726	1
575	4377	1
575	4376	1
575	369	1
575	1681	1
575	1436	2
576	994	2
576	342	1
576	897	1
577	3795	1
577	4246	1
578	2525	1
578	4271	1
578	4850	3
579	2566	2
579	446	1
57	375	1
57	1184	2
57	551	1
57	376	1
57	632	1
57	402	1
57	705	1
57	615	1
57	908	3
580	3529	1
580	2056	2
580	4852	1
581	3690	1
581	418	1
581	5072	1
582	948	1
582	2592	1
582	803	1
583	25	1
583	517	1
583	337	1
583	2772	2
584	641	1
584	189	2
584	738	1
584	147	1
584	709	1
584	736	1
584	710	1
585	1331	1
585	5664	1
585	6236	1
585	1235	1
585	1108	1
585	1160	1
585	2792	1
585	2516	2
585	958	1
585	6090	1
585	2096	1
586	6121	1
586	98	1
587	127	1
587	1325	2
587	6578	1
587	738	1
587	1550	1
587	331	1
588	2720	1
588	4273	2
588	2915	2
588	5241	1
589	1331	1
589	1095	1
589	3963	1
589	3466	1
58	695	1
58	575	1
58	782	1
58	606	1
58	374	1
58	908	1
58	471	1
58	1189	1
58	434	1
58	1188	1
58	709	1
58	1053	1
58	710	1
58	736	1
58	144	2
58	551	1
58	107	2
58	705	2
590	2516	1
590	2174	1
590	6885	1
591	5024	1
591	3224	1
592	1127	1
592	861	1
592	1380	2
593	6337	1
593	589	1
593	6868	1
593	593	1
593	7057	1
594	6841	1
594	3746	1
594	6468	1
595	1364	1
595	1235	1
595	6504	1
595	1652	1
595	1448	1
596	1130	1
596	6369	1
596	1830	2
596	1873	1
596	2549	1
597	820	1
597	15	1
598	517	1
598	1162	2
598	740	2
598	5735	1
598	720	1
598	7198	1
598	2232	1
599	2283	1
599	4547	1
599	6507	1
599	2944	1
59	529	5
59	530	4
59	537	1
5	3273	1
5	3274	1
5	3660	1
5	2956	1
5	656	1
5	6925	1
5	2486	1
5	3152	1
600	1924	2
600	1364	1
600	7218	1
600	7258	1
601	5803	1
601	7083	1
602	3575	1
602	6896	1
603	6907	1
603	4272	1
604	697	1
604	70	1
604	4922	1
604	2247	1
604	4259	1
604	3686	1
604	1653	2
604	4917	1
604	1679	1
604	5902	1
604	6389	1
605	6453	1
605	6598	1
605	4505	1
605	5891	1
606	5304	1
606	5329	1
606	1813	1
606	4440	1
607	633	1
607	5508	1
607	1251	1
607	5025	1
608	2685	1
608	5118	1
608	3552	1
608	2269	1
608	5812	1
608	5796	1
608	3273	1
608	3017	1
608	633	1
608	2824	1
609	3224	1
609	5110	2
609	5277	1
609	84	1
60	1068	1
60	1066	1
60	1072	1
60	6651	1
60	6331	1
60	6311	1
60	2812	1
610	4451	1
610	13	1
610	5422	1
611	6091	1
611	1422	1
612	2843	1
612	2203	1
613	3830	1
613	73	1
613	5173	1
613	1475	1
614	3919	1
614	3355	1
614	3929	1
615	2210	2
615	2232	2
616	6503	1
616	428	1
617	4892	1
617	3008	1
618	202	1
618	952	1
618	496	1
619	3153	1
619	4944	1
619	4945	1
619	3142	1
619	1217	1
61	3505	1
61	2335	1
61	2126	2
620	1575	1
620	2873	2
620	414	2
620	3481	1
621	6104	1
621	2391	1
622	4988	1
622	5190	1
622	122	1
622	121	1
622	5610	1
622	909	1
622	4987	1
623	1075	1
623	1563	1
623	2440	1
623	6364	2
623	3509	1
623	1444	1
624	2739	3
624	1813	1
624	202	4
624	2416	1
624	3737	1
624	8	1
625	6944	1
625	2328	1
625	2269	1
626	1246	1
626	3113	1
626	1461	1
627	7087	1
627	4478	1
627	414	1
627	6129	1
628	1896	1
628	7239	1
628	5405	2
628	263	8
628	1396	5
629	733	1
629	5475	1
629	3953	2
629	5667	2
62	1394	2
62	5641	1
62	3175	1
630	2890	1
630	5427	1
631	175	2
631	7036	1
631	4020	1
631	1427	1
631	4289	1
631	6606	1
632	266	1
632	1772	1
633	5304	1
633	5310	1
633	5007	1
633	5346	1
633	5355	1
634	6443	1
634	1518	1
634	2625	1
635	6657	1
635	752	1
635	625	1
635	1550	1
635	6704	1
635	794	1
636	2825	1
636	6396	1
636	6509	1
636	6123	1
636	892	1
637	448	1
637	369	2
638	5356	1
638	2123	1
638	2141	1
638	25	1
639	522	1
639	747	1
639	4357	1
639	857	1
639	4199	2
63	817	1
63	143	1
63	805	2
63	783	1
640	771	1
640	1509	1
640	5256	1
640	4117	1
640	64	1
641	4999	2
641	5304	1
641	25	1
642	5224	1
642	4516	1
642	5362	1
643	3442	1
643	4046	1
643	869	3
643	5863	1
643	445	2
643	1347	3
643	2910	1
643	5216	1
643	305	1
643	2915	2
643	303	1
643	5199	1
643	5241	1
643	2793	1
643	3780	3
643	1820	1
643	7	1
643	6754	2
643	7311	2
643	6181	1
643	4941	1
643	2780	1
643	5002	1
643	4448	2
643	6026	1
644	1914	2
644	3381	1
645	2568	1
645	5131	1
645	5458	1
645	1153	1
646	5079	1
646	4	1
647	905	1
647	5299	1
647	5304	1
648	5003	1
648	2141	1
648	5387	1
649	1031	1
649	2376	1
649	1838	1
649	6844	1
649	4362	4
649	3070	1
649	1711	8
649	1063	1
64	5191	1
64	1015	1
64	73	1
650	5056	1
650	5272	1
650	8	1
650	2416	1
651	5270	1
651	5063	1
651	5329	1
651	5012	1
651	5088	1
652	12	2
652	1475	1
653	2719	1
653	449	1
653	1902	6
654	235	1
654	3777	1
654	1010	1
655	17	1
655	5000	1
655	4605	1
655	3727	1
655	15	1
656	5191	1
656	73	1
656	5158	1
656	5164	1
657	20	3
657	3131	2
657	2890	1
657	228	1
658	5478	1
658	4883	1
658	5694	1
658	2678	1
659	3935	1
659	6431	1
659	6121	1
659	6913	1
65	739	1
65	642	1
65	322	1
660	2416	1
660	2141	1
661	5137	1
661	5148	2
661	5024	1
662	5206	1
662	73	1
662	5279	1
663	378	1
663	17	1
663	1866	1
663	12	3
664	3	1
664	15	1
664	5322	1
665	125	1
665	622	1
665	63	1
665	61	1
666	5371	1
666	1015	1
667	1547	5
667	6051	3
667	7036	1
667	970	1
667	5870	2
668	2730	1
668	6968	1
669	5152	1
669	5304	1
669	5329	1
669	1866	1
66	814	1
66	897	1
66	910	1
670	1128	1
670	919	1
671	1	1
671	202	1
671	4131	1
672	517	1
672	5479	1
672	6175	1
673	92	1
673	5072	1
674	3179	1
674	566	1
674	518	1
674	1885	1
675	5329	1
675	799	1
675	4012	1
675	58	1
675	68	9
676	5304	1
676	2712	1
676	5329	1
677	5206	1
677	3726	1
678	5329	1
678	108	1
678	25	1
678	428	1
679	5238	1
679	5152	1
679	5304	1
67	3186	2
67	3214	2
67	58	1
680	4943	1
680	1	1
681	5288	1
681	4516	1
681	5304	1
682	4983	1
682	0	1
683	100	1
683	1004	1
683	4140	1
683	73	2
683	1935	1
683	2484	1
683	5511	1
683	1879	1
683	4948	3
683	266	3
683	2914	1
683	3601	1
683	3602	1
683	2891	1
683	5107	1
683	635	2
683	269	1
683	877	1
683	5674	2
683	6442	1
683	4800	1
683	2880	1
683	3599	1
683	1028	1
683	3224	1
683	2629	3
683	13	1
683	6754	1
683	4471	1
683	4449	1
683	462	3
683	4419	1
683	3392	1
683	2867	1
683	4947	1
684	3224	1
684	5330	1
684	5337	1
684	697	1
685	6310	1
685	2812	1
685	6149	1
685	6148	1
685	5202	1
686	5072	3
686	5249	1
687	6751	1
687	1924	1
687	1130	2
688	5362	1
688	2141	1
688	202	1
689	1087	2
689	1711	1
689	4078	1
68	58	3
68	2028	1
68	62	1
68	6088	1
690	5119	1
690	2141	2
690	4	1
691	15	1
691	546	1
691	4221	1
691	697	6
692	2508	1
692	5329	1
692	4	1
692	5141	1
693	22	1
693	4	2
693	2416	1
694	5191	1
694	4516	1
694	5245	1
694	6	1
695	15	1
695	5304	1
695	5329	1
696	2509	1
696	5092	1
696	378	1
697	5322	1
697	5329	2
697	489	1
697	1162	1
698	228	1
698	5023	1
698	5304	1
698	5307	1
699	2	1
699	108	1
699	5154	1
69	402	2
69	879	1
69	782	1
6	2217	1
6	1427	4
6	5679	7
6	5464	1
6	851	1
6	75	1
6	966	2
6	6575	2
6	4837	2
6	517	4
6	4918	4
6	6676	1
6	5557	2
6	1227	1
6	4515	1
6	3549	1
6	692	1
6	2267	1
6	6772	1
6	3311	1
6	660	1
6	4859	1
6	627	1
6	777	2
6	1142	1
6	4364	1
6	6865	1
6	6164	2
6	129	1
6	697	3
6	557	2
6	868	1
700	5293	1
700	5034	1
700	5304	1
701	5079	2
701	17	1
701	4107	1
702	3294	1
702	1863	1
702	369	1
703	3690	1
703	1970	7
703	2383	1
703	4132	2
704	5026	1
704	5304	1
705	202	1
705	5352	1
706	5180	1
706	17	1
706	5304	1
706	5163	1
707	5243	1
707	5028	1
708	5007	1
708	1813	1
708	2589	1
708	964	3
708	7356	1
709	5217	1
709	7	1
709	3043	1
70	1585	1
70	1730	1
70	414	1
710	2422	1
710	2589	1
710	3909	1
710	5562	4
710	4688	1
711	1029	1
711	220	1
711	5152	1
711	5153	1
712	5191	1
712	73	1
713	494	1
713	0	1
714	1475	1
714	4	1
714	5310	1
715	4516	1
715	136	1
716	5304	1
716	2083	1
716	2726	2
717	5309	1
717	5173	1
717	5362	1
718	697	1
718	517	3
718	4278	1
718	893	1
719	5085	1
719	2463	1
719	4516	1
71	913	2
71	947	1
71	120	2
71	186	1
71	339	4
71	419	1
71	321	1
71	375	4
71	245	2
71	188	2
71	111	5
71	1103	3
71	146	2
71	710	1
720	5000	1
720	2141	2
721	5031	1
721	5154	1
721	5334	1
721	5024	1
722	12	1
722	3830	1
722	5079	1
723	5086	1
723	2463	1
724	22	1
724	3	1
724	5120	1
725	990	1
725	4381	1
725	7192	1
725	56	1
725	502	1
726	12	1
726	3690	1
726	5322	1
727	5053	1
727	16	1
727	5322	1
727	17	1
728	6728	1
728	383	1
728	277	1
729	1047	1
729	3745	2
729	1080	1
72	786	1
72	245	1
72	370	2
72	212	1
730	2383	1
730	5334	1
730	5346	1
731	2060	1
731	5079	1
731	1866	1
732	6294	1
732	4702	1
732	1700	1
732	15	2
732	451	1
733	4943	1
733	1	1
733	1813	1
734	5085	1
734	16	1
734	5003	1
735	185	1
735	23	1
735	6323	1
735	2416	1
735	5097	1
735	545	1
735	499	1
735	2463	1
735	2017	1
735	91	1
735	5003	1
735	1015	1
735	73	1
735	1	1
735	2141	1
735	8	1
735	493	1
735	22	1
735	37	1
735	2320	1
735	4	1
735	17	1
735	310	1
735	142	1
735	141	1
735	301	1
735	495	1
735	2793	1
735	427	1
735	1866	1
735	4979	1
735	4978	1
735	3560	1
735	3	1
735	5000	1
735	16	1
736	2719	1
736	1843	1
736	2112	1
736	3800	2
737	425	1
737	1647	2
737	99	3
737	1056	1
738	3569	1
738	1467	1
738	6337	1
739	872	2
739	530	1
739	1042	1
739	1013	1
73	191	1
73	707	1
73	1393	1
73	706	1
740	200	1
740	5152	1
740	5249	1
741	235	2
741	296	2
741	132	1
742	958	1
742	1235	1
742	5292	1
742	3027	1
742	2298	1
742	1037	1
742	4018	1
742	1952	1
742	2903	1
742	6852	1
743	3729	1
743	12	1
743	4516	1
744	2589	2
744	3097	1
744	517	3
745	6342	1
745	5620	1
745	2753	1
745	2730	1
745	6442	2
745	877	1
745	2184	2
745	2589	1
745	3786	4
745	1081	2
745	6936	2
745	6865	2
745	7031	1
745	4097	1
745	1041	1
745	1883	1
746	3938	2
746	5360	1
746	2141	1
747	3267	1
747	2815	1
747	3493	1
747	6973	1
747	4195	1
747	742	1
747	4160	2
747	893	1
748	838	1
748	408	2
748	7112	1
748	2985	1
748	220	2
748	4822	1
748	5862	1
748	1044	1
748	7099	2
748	3988	1
748	266	1
748	768	1
748	7182	1
748	2760	1
748	4161	1
748	2726	1
748	5275	1
748	547	1
749	4051	1
749	5745	1
74	643	1
74	743	1
750	418	2
750	5337	1
750	952	1
751	952	1
751	414	2
751	1865	1
752	414	2
752	3880	1
752	3668	1
753	68	1
753	5550	1
753	964	1
753	1623	1
753	5595	1
754	73	1
754	12	1
754	4579	1
755	5275	3
755	6081	1
755	7363	1
755	2354	3
755	6978	1
755	6366	1
755	2414	1
755	5193	1
755	869	1
756	1475	1
756	0	1
756	2141	2
757	5154	1
757	5282	1
758	4401	1
758	454	1
758	534	1
758	1041	1
758	6219	1
758	3471	1
759	5299	1
759	820	1
759	5329	1
75	317	1
75	127	2
75	130	1
760	3437	1
760	1866	1
761	517	1
761	1653	1
761	4926	1
762	4367	3
762	4104	1
762	48	1
762	4118	1
763	4989	2
763	4	3
764	4811	1
764	1224	1
764	799	1
765	6677	1
765	7391	1
765	664	1
765	5909	1
765	4054	1
765	1076	1
765	6534	1
765	5814	2
765	515	1
765	7441	1
765	6834	1
765	2813	1
765	847	1
766	4148	1
766	799	3
766	3408	2
767	440	1
767	2933	1
767	268	1
767	5197	1
767	136	1
768	2484	1
768	5369	1
768	2917	1
768	1935	1
768	1080	2
768	4594	1
768	1700	1
768	2561	1
769	5024	1
769	5085	1
76	3539	1
76	2642	1
76	2923	1
76	390	2
76	4709	6
76	5514	2
76	68	1
76	381	1
76	1099	1
76	2558	2
770	2933	2
770	2704	1
770	2424	1
770	16	1
770	2313	1
770	4394	1
770	2573	1
770	2638	1
770	4305	1
770	429	1
770	3006	1
770	7097	2
770	506	1
770	4963	3
770	8	2
770	7203	1
770	6470	1
770	1842	4
770	2793	1
771	5759	1
771	1398	1
772	12	3
772	5148	1
772	25	1
773	1718	1
773	531	1
773	964	1
774	85	1
774	369	2
774	4529	1
775	5940	1
775	1453	1
775	6090	1
776	195	1
776	811	2
776	220	1
776	261	1
776	271	1
776	2520	1
776	5671	1
776	3689	1
776	7303	1
776	1571	1
776	2478	1
776	10	1
776	2892	1
776	483	1
776	303	1
776	1253	2
776	1080	3
776	2629	1
776	4816	1
776	42	2
776	1975	1
776	4934	1
776	4140	1
777	4229	1
777	414	1
777	799	1
778	1588	1
778	4740	1
778	3724	1
779	4751	1
779	2413	1
779	4051	1
779	7133	1
77	3455	1
77	1812	1
77	3456	1
77	2839	1
77	25	3
780	794	2
780	1772	1
781	964	2
781	6729	1
781	1102	1
782	5359	1
782	12	1
782	2141	1
783	4038	1
783	3055	1
783	7093	1
783	6507	1
783	1088	2
784	4323	1
784	3898	1
784	6609	1
784	3289	1
784	2949	1
784	190	1
784	3301	1
785	5915	2
785	5409	1
785	3844	1
785	1687	2
786	25	2
786	517	1
787	1486	1
787	2490	1
787	1565	1
787	1442	1
788	1011	1
788	189	1
788	1561	1
788	567	1
788	5438	1
788	879	1
788	1706	1
789	3182	1
789	2699	1
789	3294	1
789	6082	1
789	3267	1
789	1604	1
789	1370	1
789	7370	1
78	517	1
78	3199	1
78	2328	2
790	2044	1
790	4287	1
790	3413	1
791	6303	1
791	1073	1
791	3745	1
791	4962	1
792	1601	1
792	2964	1
792	4669	1
793	3789	1
793	68	1
793	3580	1
793	1221	1
794	2233	1
794	2963	3
794	2460	1
794	5102	1
794	1700	1
794	5018	1
795	555	2
795	738	1
795	888	1
796	0	1
796	7309	1
796	5113	1
796	1162	2
796	1573	1
797	263	2
797	1147	1
798	414	1
798	381	1
799	4681	2
799	7278	1
799	905	2
799	5721	1
799	5450	1
799	7301	1
799	8	1
799	545	1
799	201	1
799	4252	1
799	5123	1
799	3629	1
799	4131	1
799	2354	1
799	2888	1
799	5436	1
799	5079	2
79	3968	1
79	927	1
79	3777	1
79	5560	1
7	63	1
7	64	1
7	65	1
7	66	1
800	6442	2
800	6955	1
801	6197	2
801	6198	2
801	2231	1
801	3234	2
801	5009	1
801	6201	1
802	6859	1
802	3876	1
802	5930	1
802	3538	1
802	703	1
802	239	1
803	2159	1
803	2190	1
803	1050	2
803	3029	2
803	5069	1
803	383	2
803	3713	1
803	2846	1
803	315	1
804	5407	1
804	3068	1
804	1885	2
804	3176	1
805	6013	1
805	4360	1
805	4788	1
805	2469	1
805	1219	1
805	1626	1
806	1981	1
806	2413	1
806	4330	1
806	6387	1
806	3749	1
806	1113	1
806	5228	1
806	1501	1
806	3131	3
806	3471	1
806	902	1
806	108	3
806	4238	1
806	885	4
806	2425	1
806	1757	1
806	2838	1
806	2201	1
806	6	1
806	1269	1
806	5259	1
806	4795	1
806	2719	1
806	1639	1
806	4544	1
806	1935	1
806	151	3
806	4105	1
806	2460	1
806	6839	1
806	6608	1
806	6754	4
806	21	1
806	200	1
806	4974	1
806	18	1
806	4223	1
806	4097	1
806	1041	1
806	3224	1
806	6684	1
806	5783	1
806	267	1
807	630	1
807	626	1
807	1081	1
807	6359	4
807	5049	2
808	2125	1
808	1162	1
809	7035	1
809	2670	4
809	1127	1
809	3999	1
809	2005	1
80	576	1
80	414	1
810	5202	1
810	2810	1
810	3304	1
811	751	1
811	3037	1
811	410	3
811	4383	2
811	1881	1
811	3644	1
811	4220	1
811	4096	1
811	7296	1
811	2146	1
812	2767	1
812	1809	1
812	4974	1
813	2179	1
813	2245	1
813	7210	1
813	3704	1
813	7212	1
813	2820	1
813	6053	1
813	5685	1
813	3377	4
813	13	2
813	4681	2
813	546	1
813	2523	1
813	4107	1
813	202	1
813	468	1
813	1654	1
813	6536	1
813	991	1
813	7168	1
813	5257	1
813	2916	1
813	7355	1
813	85	1
813	2	1
813	4111	1
813	1475	1
813	1843	1
814	440	1
814	5569	1
814	4628	1
814	3115	1
815	2182	1
815	5440	1
815	6811	1
815	6453	1
815	5609	1
816	5303	1
816	215	1
816	6353	1
816	358	1
816	418	2
816	413	1
817	108	1
817	1757	1
817	4716	1
817	269	1
817	5030	1
817	6955	6
817	7216	1
817	5674	1
817	369	2
817	25	1
818	5392	1
818	937	1
818	1452	1
818	842	2
819	1196	1
819	428	1
819	2978	1
819	6484	1
81	705	1
81	6561	2
81	1573	1
81	25	2
81	0	4
81	2891	6
81	3749	1
81	118	2
81	119	2
820	2168	1
820	5553	1
820	4844	1
821	4491	2
821	970	1
821	2835	1
821	2620	1
821	7145	1
821	6342	1
821	7510	1
822	5564	3
822	840	1
822	376	2
823	6973	2
823	7101	1
823	7280	1
824	4322	1
824	4466	3
824	3745	1
824	5436	1
824	3498	1
824	1101	1
824	6889	1
824	3604	1
825	4524	1
825	89	1
825	883	1
826	1913	1
826	369	1
826	6213	1
826	697	1
827	4514	1
827	1880	1
827	7350	4
827	1434	1
828	1128	1
828	3496	1
828	2549	1
828	3960	1
829	2108	1
829	2276	4
829	6578	1
829	414	3
829	7187	1
829	5767	1
829	6467	1
829	1999	1
829	1162	1
829	6789	1
829	3068	1
829	4321	1
829	4054	1
82	817	1
82	805	1
82	735	1
830	4691	1
830	3694	1
830	1133	1
830	4126	2
830	5627	1
830	2899	2
830	939	1
830	2516	1
831	678	1
831	1183	1
832	1711	1
832	1130	1
832	1088	3
832	6456	2
833	3229	2
833	1425	1
833	3228	1
833	6758	1
833	2943	1
833	1304	1
833	7222	2
834	799	2
834	5381	1
834	1885	1
834	689	1
835	2997	1
835	5864	1
835	3159	1
835	3080	1
835	3352	1
835	3077	1
836	6237	1
836	799	2
836	1936	1
836	4400	1
837	4360	2
837	6013	1
837	2900	2
838	2811	1
838	868	1
838	6248	1
838	4183	1
839	710	1
839	339	1
839	738	1
839	605	1
839	709	2
83	948	1
83	5438	1
83	2506	1
83	1935	1
83	970	1
840	1356	2
840	2857	2
840	994	1
840	7341	3
840	4258	1
840	7272	1
840	145	1
841	25	1
841	5875	1
842	7152	1
842	6877	1
842	5688	1
842	2144	1
842	1549	1
842	482	1
842	300	1
843	1473	3
843	6099	1
843	6191	1
843	3146	1
843	5657	1
843	427	1
844	201	2
844	7377	1
845	5893	2
845	1679	2
846	4310	1
846	4513	1
846	5449	1
846	4217	1
846	5008	1
847	2668	1
847	2607	1
847	5125	1
848	789	1
848	1706	1
849	1612	1
849	750	1
849	6707	1
84	2320	1
84	8	1
84	418	1
84	2313	1
84	467	1
84	1113	1
84	17	2
84	140	1
84	468	1
84	5219	1
84	5076	1
84	547	1
84	5337	2
84	550	1
84	368	1
84	799	2
850	2232	1
850	751	1
850	5890	1
850	6438	1
851	2143	1
851	2822	1
851	4400	1
852	1879	1
852	5244	1
853	2241	1
853	7153	1
853	6970	1
853	6905	1
854	1935	2
854	5512	1
854	372	1
854	2528	1
854	6450	1
854	4304	1
854	5096	1
855	6090	1
855	1160	1
855	1715	1
856	310	1
856	4900	1
856	1975	1
856	14	1
856	6754	1
856	3749	1
856	1935	1
856	952	1
856	2702	1
856	7203	1
856	2112	10
856	1752	1
856	2383	1
856	4948	1
856	5037	1
856	269	1
856	5860	2
857	922	1
857	2280	1
858	1639	1
858	3192	1
858	5547	1
859	136	1
859	223	1
859	265	1
85	737	3
85	789	2
85	373	3
85	906	1
860	6123	2
860	4049	1
860	3959	1
860	4790	1
861	4258	3
861	6881	2
861	1101	1
861	532	1
861	5051	1
862	1399	1
862	866	2
862	4465	2
862	403	1
863	4495	1
863	6457	1
864	6403	1
864	97	1
864	752	1
864	98	1
865	557	2
865	3784	4
866	441	1
866	170	1
866	33	1
867	3732	1
867	5090	1
867	265	1
867	6139	1
867	4927	1
868	517	1
868	6054	2
868	145	1
869	5780	1
869	557	1
86	710	1
86	1006	1
86	143	1
86	442	1
86	575	1
86	471	1
86	769	1
86	5564	1
870	5587	1
870	1711	1
870	6127	1
870	6581	1
870	6670	1
870	7035	1
871	6715	1
871	3157	1
871	3654	1
872	13	1
872	6544	2
872	1879	1
872	1702	1
872	5782	1
872	7047	1
872	804	2
872	3849	1
872	505	1
872	304	1
873	2555	2
873	4090	1
873	2859	1
874	3294	1
874	3582	1
874	1886	1
874	2814	1
874	4160	1
874	403	1
874	1398	1
874	1621	1
875	2875	1
875	6696	1
875	64	2
875	4254	5
875	799	2
875	957	1
875	7051	1
875	2641	1
875	414	2
875	3334	2
875	3139	1
876	833	2
876	1370	1
876	5854	1
876	4558	1
876	3777	1
876	799	1
876	4193	1
877	6031	1
877	4586	1
877	2422	1
877	3224	1
877	2325	1
877	3097	1
877	1527	1
878	4138	1
878	1078	1
878	767	1
879	6521	2
879	2516	1
879	4079	1
879	5775	1
87	127	4
87	245	2
87	1393	1
87	484	1
87	5564	1
880	3211	1
880	334	1
880	1596	2
880	4841	1
880	6749	1
880	2268	1
880	1581	1
880	656	1
880	657	1
880	659	1
881	6	1
881	5193	1
881	6171	1
882	4150	4
882	2715	2
882	6054	2
882	5670	1
883	63	1
883	2215	1
883	3406	1
883	5822	1
883	3326	2
883	6503	1
883	1050	2
884	3380	1
884	5214	1
884	2677	1
884	531	1
885	7168	1
885	4304	1
885	2771	1
885	2425	1
885	4518	1
885	2320	1
885	1759	1
885	5450	1
885	7225	1
885	4689	1
885	2528	2
885	4943	1
885	15	1
885	2281	1
885	4717	1
885	1855	2
885	4690	1
886	5851	1
886	3972	1
886	5588	1
886	5591	1
886	5883	1
886	4917	1
887	2867	1
887	517	2
887	799	1
888	4672	1
888	588	1
888	600	1
888	599	1
888	598	1
888	7391	1
888	675	1
888	662	1
889	773	1
889	3547	1
889	1571	1
88	5	1
88	5092	2
88	73	1
890	1063	1
890	4715	1
890	1489	1
891	5877	1
891	4760	2
891	1970	2
891	506	1
891	2921	1
891	3535	1
891	4969	1
891	2191	1
891	1501	1
891	24	1
891	363	1
891	267	2
892	1066	1
892	3250	1
893	551	3
893	1320	1
894	64	1
894	276	1
894	2694	1
895	7215	1
895	1730	1
895	3507	1
895	4604	1
895	53	1
895	6601	1
895	2695	2
895	335	3
895	1784	1
895	1788	1
895	6708	2
896	3370	1
896	3008	1
897	7013	2
897	1013	1
897	652	1
898	6658	1
898	2174	1
899	4741	1
899	6087	1
899	674	1
89	517	5
89	2665	1
89	2408	2
89	4440	1
89	1906	1
89	5735	1
89	2232	1
89	6185	1
89	720	1
89	564	1
8	598	1
8	599	1
8	600	1
8	607	1
8	621	1
8	664	1
900	4582	1
900	1417	1
901	805	1
901	557	2
901	825	2
901	3184	1
902	690	3
902	6841	2
902	6468	1
902	1814	3
902	3365	3
902	3278	4
902	5780	1
903	6216	1
903	2516	1
904	600	1
904	689	2
904	5680	1
905	4236	1
905	1716	1
905	2706	1
906	6116	1
906	3628	1
906	1566	1
907	6069	1
907	6709	1
907	4030	1
908	1396	1
908	974	1
908	837	1
909	6147	2
909	3037	2
909	2974	1
90	947	1
90	778	1
90	575	1
910	1797	1
910	3377	2
910	6353	1
911	697	1
911	71	2
911	1396	2
912	13	1
912	467	1
912	2417	1
912	2354	1
913	6819	1
913	2557	1
914	6606	1
914	175	2
915	1010	1
915	2710	1
915	6324	1
915	5619	1
916	1243	1
916	3196	2
916	5976	1
916	6625	1
916	4945	1
916	3125	1
916	3087	1
916	3086	1
916	3078	1
916	3947	1
916	3076	1
916	3127	1
916	3919	2
916	6706	1
916	6705	1
916	6433	1
916	3075	1
916	3073	1
917	1086	2
917	6175	2
917	1059	2
917	2356	2
918	2577	1
918	5486	1
918	2867	1
918	439	2
918	4524	1
918	2603	1
918	4628	2
918	2704	1
918	1101	1
918	6769	1
918	4278	1
918	6814	1
918	5079	1
919	6957	1
919	3237	1
919	2880	1
919	5109	1
919	1469	1
919	6714	1
919	2573	1
919	4158	1
919	3925	1
919	6323	1
919	4448	1
919	268	1
919	1571	1
919	201	1
919	756	1
919	6258	1
919	1814	2
919	1811	1
919	6756	1
919	6588	1
919	2892	1
919	7130	1
919	4706	1
919	690	2
919	4915	1
91	863	1
91	373	1
91	402	1
91	674	2
920	1711	1
920	3694	1
920	1508	1
920	2375	1
920	1096	1
920	6623	1
920	6751	1
920	2001	1
921	2758	1
921	1204	1
921	4030	1
921	6837	2
921	1355	1
921	6404	1
921	6910	5
921	6369	1
921	1235	2
921	2582	3
922	1188	1
922	1053	1
922	854	1
922	805	1
923	2122	1
923	1711	1
923	956	1
924	2942	1
924	2001	2
924	6417	3
924	1352	1
924	1924	13
924	1515	2
925	6090	3
925	4685	1
925	6214	1
925	6418	1
925	5542	6
925	1138	1
926	6980	1
926	5613	1
926	1842	1
926	2933	1
927	4852	1
927	2529	1
928	4731	1
928	5093	1
928	3749	2
928	698	1
928	2313	2
928	5027	2
928	7097	3
928	4452	1
928	2577	3
928	8	1
928	1007	2
928	4853	1
928	2129	1
928	304	2
928	5937	2
928	3560	1
928	1777	1
928	25	1
928	5936	1
929	1130	1
929	6202	1
92	5564	1
92	670	1
92	1268	1
930	2389	1
930	6982	1
930	32	2
931	25	1
931	6721	1
931	369	1
932	5006	2
932	1571	1
932	3407	1
932	3733	1
933	741	1
933	7221	1
933	5686	1
933	945	1
933	944	1
934	3959	1
934	6658	1
934	1674	1
935	633	1
935	2824	1
935	64	1
935	3396	1
935	380	1
935	2146	1
935	3301	1
935	190	1
935	623	1
936	1925	1
936	3783	1
936	5874	1
936	2516	1
936	1125	1
936	1310	2
936	1249	2
936	3904	1
936	1096	1
936	1222	1
937	2812	1
937	6151	1
937	5839	1
937	6152	1
937	2811	1
937	6311	1
937	6312	1
937	2072	1
938	6618	1
938	6916	1
938	79	2
938	5676	1
939	6358	1
939	525	3
939	1650	1
93	570	1
93	5412	1
93	600	1
93	598	1
93	599	1
93	662	1
93	588	1
940	2706	1
940	2996	1
940	2819	1
940	1932	1
941	5606	1
941	2504	1
941	1942	1
941	6998	1
942	2992	1
942	6554	1
942	5665	1
942	979	1
942	980	1
942	2008	1
942	2079	1
943	4068	1
943	2556	1
943	6970	1
944	418	1
944	3749	1
944	6769	1
944	6974	1
945	263	1
945	2108	1
945	756	2
946	2667	2
946	4254	1
946	1857	1
946	4798	1
946	2677	1
947	615	1
947	210	5
947	793	1
948	215	1
948	6568	1
948	4330	1
948	6700	2
948	6765	1
948	3131	2
948	5003	1
949	1822	1
949	361	3
949	2559	1
949	390	1
949	3396	1
949	935	1
949	2635	2
94	964	1
94	6089	1
94	7108	2
94	7115	2
94	7119	2
94	7113	1
94	7120	1
950	1185	1
950	146	1
950	143	1
950	778	1
950	575	1
950	474	1
950	642	2
951	5602	1
951	4313	1
951	2001	1
951	3219	1
951	4698	1
951	6123	1
952	4516	1
952	1970	1
952	3874	1
953	3560	1
953	799	1
954	7131	2
954	7207	1
954	7178	1
954	1859	1
955	6661	1
955	5916	1
956	3368	1
956	1575	1
956	3885	1
956	5847	1
956	369	2
956	957	1
956	2108	1
956	688	1
956	5812	1
957	778	2
957	111	1
958	7074	1
958	3682	1
958	6123	1
959	1286	1
959	4030	1
95	809	1
95	863	1
95	1706	1
95	339	1
960	3394	1
960	1671	1
960	3803	1
961	440	1
961	1101	1
961	439	1
962	2406	1
962	2232	1
962	7184	1
962	5009	1
963	2858	1
963	3643	1
963	931	1
963	26	1
963	6589	1
964	3569	1
964	6480	1
964	2822	1
964	6141	1
965	2885	2
965	5197	1
965	2691	1
965	221	1
965	5450	1
965	3427	1
965	6210	1
966	4791	1
966	3363	1
966	4271	2
967	4209	1
967	1935	1
967	5910	1
967	562	1
968	1047	1
968	177	1
968	6528	1
968	1541	1
969	6393	1
969	4201	1
969	940	1
969	2122	1
96	4443	1
96	3832	1
96	5974	2
96	1057	1
96	35	1
96	2130	1
96	4430	1
96	1436	1
970	4338	1
970	2331	1
970	920	1
971	5734	1
971	3550	1
971	506	1
972	6970	1
972	1566	1
972	6730	1
972	1480	2
972	3905	1
972	919	1
972	1342	4
972	5350	1
972	4764	1
972	1807	1
972	1447	1
972	7328	1
973	4337	1
973	2585	1
973	3229	1
974	1477	1
974	1373	1
974	1401	1
974	1630	1
974	1355	1
974	4937	1
975	4804	1
975	369	4
975	1496	3
976	2373	1
976	1453	1
976	1409	1
977	1564	1
977	4236	1
977	1459	2
978	958	2
978	1566	2
978	6452	2
979	986	2
979	1925	1
979	1096	1
979	1108	1
979	2466	1
979	5559	1
97	1088	1
97	1486	1
97	1156	1
980	4086	1
980	6320	1
980	6423	1
980	4551	1
981	4432	1
981	6956	1
981	403	1
982	802	1
982	123	1
982	695	2
983	1501	1
983	4184	3
983	7121	2
983	7128	1
983	1698	1
983	3380	1
983	1170	1
983	2484	1
983	466	1
984	6389	1
984	2358	1
984	6004	1
984	4896	1
985	893	1
985	3706	2
985	834	1
985	874	1
985	6918	1
986	3151	1
986	4169	2
987	3054	1
987	7235	1
987	5945	1
987	1128	1
987	5849	6
988	893	13
988	874	1
988	3968	1
989	6762	1
989	3505	1
989	414	1
989	5430	2
989	6721	2
989	3273	1
98	2798	1
98	260	1
98	3258	1
98	4716	2
98	5596	1
98	151	1
98	4449	1
98	2060	1
98	5700	1
990	6488	1
990	3574	1
990	6418	2
990	6453	1
991	6610	1
991	3882	1
992	5868	1
992	5930	2
992	7186	1
992	7201	2
992	275	1
992	345	2
992	6610	1
992	7207	1
992	4826	2
992	7131	1
992	6848	1
992	1839	2
992	1859	1
992	1200	1
992	2128	1
993	6509	1
993	6396	1
993	3697	2
994	1082	2
994	430	1
994	2774	1
995	1113	1
995	2463	1
995	4131	1
995	6897	1
995	6220	1
995	6010	1
996	782	1
996	554	1
997	6158	1
997	7336	2
997	2515	1
997	5800	1
998	5828	1
998	1514	1
998	145	1
999	6083	1
999	35	2
999	5445	1
999	7089	1
999	7145	2
999	30	1
999	681	3
999	33	1
999	4859	1
999	421	1
999	179	1
99	4200	1
99	1685	1
99	1555	2
99	5816	1
99	5628	1
99	6886	1
99	1711	2
99	3694	1
99	1436	1
99	5134	1
99	1818	1
99	4005	1
9	3217	1
9	3608	1
9	4092	2
9	6671	1
9	3643	1
9	6647	1
9	1869	1
9	799	2
9	6595	1
