746	39.758974	-105.010853
374	39.838051	-104.709423
309	40.016488	-105.28199
777	39.712495	-104.999028
284	39.75371	-104.995135
0	39.739154	-104.984703
412	39.734968	-105.158384
250	39.719416	-104.956124
253	39.886782	-105.074592
22	37.783743	-122.402127
762	39.748949	-105.007393
205	39.640264	-106.374195
237	39.550538	-107.324776
131	39.574431	-106.09752
623	39.847192	-104.675223
720	39.979607	-105.203858
302	39.753326	-104.997946
8	39.762146	-104.98248
431	39.74015	-104.948647
186	37.562992	-122.325525
598	37.580304	-122.343679
100	39.756038	-105.009394
711	39.861667	-104.673056
124	39.7435	-104.980177
682	39.855372	-104.685104
301	39.75557	-104.98901
394	39.785198	-104.891902
338	39.75083	-105.000093
383	39.740031	-104.98018
626	37.618889	-122.375
183	40.017351	-105.277349
34	39.785236	-104.891552
5	39.76	-98.5
380	39.748288	-105.000394
676	47.448889	-122.309444
182	39.703291	-104.932505
454	37.615223	-122.389979
428	39.878664	-104.682105
234	39.747863	-104.999696
480	39.877328	-75.240086
587	39.848233	-104.675031
239	39.665315	-105.206729
48	39.758015	-105.011242
229	39.750502	-104.999114
328	39.762352	-104.982366
153	39.748543	-104.996593
426	39.708335	-105.076574
376	39.736823	-104.984326
342	39.754264	-104.997359
455	33.944066	-118.408294
290	39.746295	-104.979879
272	39.75015	-105.00028
264	39.748093	-104.99889
305	39.752531	-104.996751
20	37.774929	-122.419415
166	37.63049	-122.411084
116	37.584103	-122.366083
132	37.598547	-122.387194
423	37.654656	-122.40775
142	37.485215	-122.236355
167	37.705766	-122.461917
103	37.441883	-122.143019
222	37.424106	-122.166076
163	39.529633	-119.813803
158	38.581572	-121.4944
107	37.616602	-122.404417
58	37.386052	-122.083851
478	39.761864	-105.016136
288	39.748625	-105.007614
262	39.80832	-104.933868
119	39.731926	-104.962023
476	39.848233	-104.675031
588	39.665467	-105.205564
347	39.861656	-104.673177
359	33.434277	-112.011583
3	40.014986	-105.270546
415	39.750048	-104.999835
144	39.750298	-105.000086
336	39.878664	-104.682105
68	29.954648	-90.075072
11	39.802764	-105.087484
1	39.836653	-105.037205
261	39.961176	-82.998794
710	38.952742	-77.447758
774	41.921738	-87.712336
121	25.790654	-80.130045
61	38.968721	-77.341096
72	42.358431	-71.059773
139	40.675431	-73.971248
17	37.36883	-122.03635
18	51.508415	-0.125533
325	40.652326	-73.827357
386	38.953381	-77.447712
572	37.616476	-122.3839
133	41.850033	-87.650052
192	39.75532	-105.009524
403	37.614712	-122.392082
88	36.600238	-121.894676
784	37.0	127.5
84	37.453827	-122.182187
92	40.757929	-73.985506
196	37.804372	-122.270803
55	33.414768	-111.90931
45	37.339386	-121.894955
456	40.64248	-73.788071
477	47.44443	-122.300497
29	37.322998	-122.032182
321	40.682047	-74.208201
289	33.959735	-118.400632
24	34.052234	-118.243685
331	36.08685	-115.145941
176	37.507159	-122.260522
452	37.366695	-121.925906
486	37.711496	-122.213291
21	32.783056	-96.806667
14	47.606209	-122.332071
141	37.354108	-121.955236
46	36.974117	-122.030796
303	39.716439	-104.987621
343	39.740396	-104.975265
372	39.740184	-104.948384
291	39.757712	-105.010947
218	39.063871	-108.550649
155	39.740166	-104.948385
405	39.740071	-104.977257
529	39.763069	-105.005607
146	40.58526	-105.084423
369	39.736858	-104.990745
32	39.750294	-104.997723
605	39.759804	-104.984255
460	45.58961	-122.592121
37	33.766962	-118.189235
612	39.75948	-105.0111
420	39.00027	-105.500833
171	39.653599	-105.1911
610	39.74044	-104.971765
406	39.718907	-104.987499
600	39.740986	-104.977627
294	39.73333	-104.991102
421	39.776639	-105.043361
575	30.264942	-97.738978
574	39.748508	-105.00007
545	39.7435	-104.980177
410	39.755073	-104.990501
446	39.75213	-105.004088
436	39.716361	-104.987565
425	39.751425	-105.000289
346	39.751548	-104.999613
299	39.6773	-105.194
43	40.01695	-105.280801
7	39.742488	-105.513608
363	39.754373	-104.990778
377	39.74618	-104.995574
567	40.016203	-105.281763
378	39.717916	-104.987283
595	40.016232	-105.284228
246	39.716361	-104.987541
300	39.657304	-104.987713
115	39.920541	-104.865808
156	33.653443	-84.449372
242	38.882334	-77.171091
140	39.00622	-77.428599
160	39.729432	-104.831919
221	39.704709	-105.081373
151	39.579155	-104.876923
381	39.847162	-104.675178
580	30.263867	-97.737965
586	30.268132	-97.749996
584	30.270048	-97.736111
550	30.268401	-97.736078
579	30.262214	-97.738947
578	30.267349	-97.739415
263	30.267434	-97.741368
577	30.265065	-97.738623
583	30.266337	-97.744646
576	30.265604	-97.740872
539	30.267171	-97.74631
286	39.764486	-104.979751
540	40.017262	-105.254688
201	39.74389	-104.990373
562	39.737604	-104.989489
379	39.747265	-104.994764
463	39.753905	-104.988412
368	39.740475	-105.071118
191	39.750328	-105.001671
214	39.750249	-104.997785
512	39.748508	-105.00007
345	39.481874	-106.06676
393	39.65764	-104.988023
370	39.92996	-105.13087
244	40.018023	-105.280847
233	39.743592	-104.993731
416	40.008671	-105.277178
94	40.001204	-105.262689
310	39.755381	-104.996633
260	39.759224	-105.010918
241	39.740373	-104.94907
165	39.756432	-104.994352
193	39.74044	-104.971765
128	40.377206	-105.521665
2	39.920541	-105.08665
527	40.018662	-105.27622
16	40.167207	-105.101928
41	39.481654	-106.038352
6	39.952763	-105.168598
344	39.847162	-104.675178
601	40.016535	-105.282058
130	39.372212	-104.85609
356	40.019134	-105.275427
312	40.01657	-105.281768
13	40.018776	-105.277477
451	40.020492	-105.267295
123	40.017211	-105.283259
109	40.016985	-105.280634
108	40.018076	-105.27752
385	40.057736	-105.282105
340	40.025406	-105.282035
243	40.016597	-105.282452
358	40.017287	-105.254667
589	40.016501	-105.262191
501	39.174578	-76.670897
490	40.017525	-105.25614
437	40.0078	-105.276233
353	40.021358	-105.262666
407	40.059253	-105.282105
349	40.017193	-105.283252
557	40.01763	-105.278292
404	40.01752	-105.283308
295	40.020052	-105.277798
608	40.01696	-105.280842
251	40.018222	-105.25606
382	40.017591	-105.28099
275	40.017802	-105.281906
398	33.435032	-112.009885
556	40.016232	-105.284228
362	40.017754	-105.282728
357	40.016883	-105.25612
219	40.016352	-105.258794
282	40.019134	-105.275427
53	40.016906	-105.283187
397	33.945289	-118.399503
207	35.282752	-120.659616
279	37.385218	-122.11413
599	30.202231	-97.667128
337	32.899117	-97.048261
202	37.250225	-119.751264
683	39.756327	-104.994352
101	40.016987	-105.263281
47	39.998148	-105.253749
373	39.743505	-105.017237
518	40.01815	-105.278925
125	39.716361	-104.987541
520	40.019402	-105.279411
445	40.019136	-105.277487
609	40.017638	-105.281679
375	40.013828	-105.280026
485	40.019134	-105.275427
280	40.017416	-105.280733
563	39.737604	-104.989489
360	40.017583	-105.282664
333	40.018774	-105.276323
361	40.01762	-105.280826
538	40.015935	-105.27928
224	39.762366	-105.03527
190	40.018759	-105.277043
256	40.018023	-105.280847
314	40.016804	-105.280376
507	40.017112	-105.283232
350	40.017842	-105.281716
604	40.007881	-105.269538
597	39.716447	-104.987583
504	40.021847	-105.258899
526	39.753628	-104.998425
422	39.753723	-104.992093
591	39.754373	-104.990778
534	40.01786	-105.281633
462	40.01541	-105.205991
546	40.012599	-105.254987
590	40.018728	-105.279265
585	30.263671	-97.741962
292	40.016786	-105.280555
364	40.018911	-105.27517
491	40.007747	-105.269752
199	40.018851	-105.256226
371	39.930312	-105.134911
409	39.930143	-105.135469
427	40.017514	-105.280251
408	40.038629	-105.371668
367	39.753341	-104.992075
324	40.051117	-105.207793
308	39.984108	-105.249281
258	40.016203	-105.281763
30	40.019134	-105.275427
65	40.016203	-105.281763
145	30.267153	-97.743061
351	33.639975	-84.444032
320	33.63672	-84.428066
39	25.774266	-80.193659
12	45.523452	-122.676207
247	39.745321	-104.997187
355	37.520215	-122.275801
387	30.202633	-97.668146
38	38.900112	-77.016365
97	38.914702	-77.046081
617	39.753718	-104.995164
523	39.70795	-105.081419
209	39.891654	-105.763062
624	39.849512	-104.673856
74	39.706098	-105.697504
162	40.397761	-105.07498
64	33.669465	-117.823111
63	33.61891	-117.928947
78	33.787794	-117.853112
49	39.551707	-104.886303
217	36.174971	-115.137223
95	39.5186	-104.761363
164	39.647765	-104.98776
67	39.553877	-104.969426
73	39.755543	-105.2211
245	39.637486	-106.061964
159	41.25861	-95.937792
111	39.977763	-105.13193
56	39.613321	-105.01665
35	38.833882	-104.821363
254	35.593933	-105.223897
180	35.084491	-106.651137
197	35.198067	-111.651273
203	35.528078	-108.742584
62	39.993596	-105.089706
391	39.75532	-105.009524
4	40.484977	-106.831716
106	42.375097	-71.105608
269	34.898594	-117.022818
607	41.98012	-87.906247
467	40.68987	-74.17821
479	39.74044	-104.971765
334	37.615223	-122.389979
126	40.760779	-111.891047
273	41.587464	-109.202904
170	41.311367	-105.591101
75	41.139981	-104.820246
150	37.368987	-121.929934
152	38.254447	-104.609141
93	32.221743	-110.926479
718	36.08289	-115.167427
434	39.751032	-104.949049
384	39.718025	-104.953257
352	39.689705	-104.980381
400	36.0	138.0
661	33.9425	-118.407222
606	39.759412	-104.985468
457	44.881234	-93.203111
69	39.756511	-104.994146
339	33.432323	-112.007237
517	39.753341	-104.993777
496	42.207342	-83.356581
582	30.265056	-97.749454
432	40.019603	-105.273155
471	40.785596	-111.980673
231	40.785344	-111.98224
235	39.725371	-104.972601
60	40.024072	-105.256063
348	39.754864	-104.990141
327	33.432323	-112.007237
293	40.017112	-105.283232
318	40.018289	-105.277568
79	33.748995	-84.387982
76	29.424122	-98.493628
135	40.735657	-74.172367
208	52.373084	4.899902
639	39.861667	-104.673056
555	39.745948	-104.997272
625	39.758711	-104.989189
143	39.758711	-104.989189
304	37.786894	-122.403101
210	33.660297	-117.999227
226	35.142753	-120.641283
240	39.76201	-105.016216
659	40.633333	-73.783333
329	40.777774	-73.873189
341	39.717916	-104.987283
498	39.743247	-104.962952
298	39.753861	-104.99541
134	41.97875	-87.90889
25	33.944066	-118.408294
129	34.07362	-118.400356
138	36.097195	-115.146665
281	37.784428	-122.404224
315	39.74334	-104.962995
449	39.739825	-104.99755
413	39.746366	-105.007463
566	39.740048	-104.975276
259	41.79107	-107.238663
105	35.772096	-78.638615
102	35.994033	-78.898619
505	35.876409	-78.790208
388	30.262204	-97.739666
332	25.796549	-80.275614
306	33.810336	-117.918985
615	37.616781	-122.384005
573	30.268137	-97.741709
443	39.743215	-104.969896
179	37.859094	-122.485251
27	33.720577	-116.215562
19	33.448377	-112.074037
51	33.422269	-111.82264
173	37.463552	-122.428586
28	34.420831	-119.69819
174	44.979965	-93.263836
177	43.073052	-89.40123
198	36.153982	-95.992775
392	32.7319	-117.197312
252	39.758711	-104.989189
497	26.071654	-80.146054
402	35.75	140.383333
366	37.871593	-122.272747
267	39.753722	-104.995575
474	39.743034	-104.978385
31	33.6803	-116.173894
322	33.944066	-118.408294
26	33.830296	-116.545292
390	35.220969	-80.944215
236	39.761949	-105.034935
522	32.896828	-97.037995
503	40.008998	-105.276246
447	42.361398	-71.013505
506	40.007254	-105.269816
417	40.019325	-105.2745
335	36.085941	-115.15856
482	40.015413	-105.277423
285	39.83877	-104.67181
136	39.952335	-75.163789
23	37.615463	-122.389903
313	39.719384	-104.954853
213	48.85341	2.3488
658	32.896944	-97.038056
99	33.641132	-117.918669
266	34.278335	-119.293168
430	37.548116	-77.446747
411	40.017297	-105.282772
181	40.2737	-76.884418
494	33.680488	-117.860223
81	32.715329	-117.157255
120	47.65878	-117.426047
15	47.610377	-122.200679
82	29.763284	-95.363271
223	47.448464	-122.292166
255	39.890391	-75.242405
184	40.800001	-96.66696
257	39.985262	-104.820528
365	39.680333	-104.936498
621	39.676461	-105.193544
316	39.889447	-105.070399
10	36.233048	-115.246776
502	28.412804	-81.310106
326	40.64248	-73.788071
147	35.686975	-105.937799
113	34.046399	-118.448135
91	40.765935	-73.875969
89	40.787879	-74.014306
36	40.641808	-73.783596
493	38.849802	-77.039775
531	27.976891	-82.533377
57	38.89039	-77.084145
83	33.835293	-117.914504
71	34.147785	-118.144515
287	37.61476	-122.39188
593	39.756082	-105.009309
114	41.995308	-87.884509
268	30.210767	-97.654724
265	43.700114	-79.416304
274	40.016637	-105.218628
206	42.886447	-78.878369
435	38.254238	-85.759407
154	38.855668	-77.060255
323	41.98012	-87.906247
98	49.249657	-123.11934
112	38.941778	-77.433877
148	38.627273	-90.197889
204	40.440625	-79.995886
104	28.538335	-81.379237
249	42.331427	-83.045754
187	42.222261	-83.396599
118	39.290385	-76.612189
59	38.980666	-77.100256
283	43.6135	-116.203451
96	39.099727	-94.578567
311	33.50921	-111.899033
519	39.302516	-94.709342
271	36.846815	-76.285218
429	41.663938	-83.555212
122	38.804836	-77.046921
195	38.894279	-77.431099
277	21.306944	-157.858333
465	31.250442	-99.250606
330	34.666667	135.5
741	35.619822	139.728565
723	35.679662	139.768023
651	35.67324	139.732483
708	35.68371	139.768564
727	35.663826	139.73172
763	35.627374	139.716913
85	26.122308	-80.143379
211	27.947522	-82.458428
175	41.600545	-93.609106
172	41.123887	-100.765423
276	39.727447	-104.983229
232	31.549333	-97.14667
225	32.725409	-97.32085
168	39.768377	-86.158042
50	33.30616	-111.84125
110	35.227087	-80.843127
42	34.019454	-118.491191
66	34.110881	-118.285675
296	34.090009	-118.361744
149	33.835849	-118.340629
9	34.021122	-118.396467
468	34.500304	-111.500976
189	34.180839	-118.308966
194	34.095287	-118.127015
319	34.108345	-117.289765
80	37.553758	-77.460262
248	36.16589	-86.784443
418	38.917056	-77.000254
734	35.691251	139.701072
730	35.667076	139.714285
788	35.658685	139.697745
787	35.658158	139.697173
699	35.659058	139.700593
622	35.675069	139.763328
161	35.600945	-82.554015
745	35.675426	139.762933
649	35.606026	139.621826
553	35.692778	139.418056
663	35.643201	139.535761
629	35.672816	139.723998
648	35.655773	139.794995
783	35.680994	139.768003
748	35.669923	139.70256
749	35.738516	139.723468
646	35.617551	139.691813
713	35.697239	139.761028
778	35.701332	139.746229
396	35.685	139.751389
744	35.729234	139.7117
638	35.653885	139.745157
739	35.687131	139.710637
724	35.678976	139.711398
764	35.671562	139.76017
765	35.506218	139.614911
657	35.655766	139.59044
650	35.629005	139.737564
594	35.341944	139.47
666	35.732142	139.45429
634	35.65721	139.914456
662	35.543343	139.445107
688	35.672303	139.765717
665	35.713344	139.777008
701	35.672724	139.734348
679	35.690193	139.786283
633	35.667443	139.758879
642	35.648965	139.753066
750	35.701857	139.747178
756	35.630028	139.793839
354	34.746481	-92.289595
117	35.149534	-90.04898
616	35.660394	139.729218
793	35.654882	139.753535
791	35.660262	139.729548
761	35.656926	139.747137
722	35.660394	139.729218
630	35.689488	139.691706
785	35.662496	139.700062
773	35.666205	139.731259
782	35.665355	139.731545
704	35.667347	139.730626
705	35.658632	139.745411
549	35.665725	139.731004
698	35.641605	139.713284
513	35.642211	139.713445
729	35.659674	139.695398
317	35.67232	139.765743
613	35.672302	139.765717
487	35.681399	139.766092
278	33.520661	-86.80249
689	35.661969	139.699851
743	35.683139	139.696841
770	35.626364	139.771035
751	35.689674	139.698334
731	35.656579	139.705995
712	35.533035	139.695903
716	35.69384	139.703549
728	35.683858	139.703255
419	35.682952	139.686895
725	35.66103	139.667127
758	35.646754	139.707912
717	35.62978	139.794064
700	35.665722	139.731006
693	35.751539	139.800293
632	35.676803	139.675125
499	35.655556	139.552222
466	35.675425	139.762933
614	35.665247	139.712314
475	35.662	139.699765
414	35.685	139.7514
492	35.804722	139.601944
389	35.683333	139.65
157	38.901223	-77.26526
270	36.072635	-79.791975
473	35.960638	-83.920739
215	35.04563	-85.30968
532	30.332184	-81.655651
188	35.46756	-97.516428
200	44.887188	-93.164387
185	39.179275	-76.666635
54	33.610302	-114.596346
52	41.223	-111.97383
40	33.884736	-118.410909
230	38.658172	-77.249705
44	41.499495	-81.695409
227	33.542248	-117.78311
77	38.969555	-77.386098
127	39.083997	-77.152758
86	39.115662	-77.563602
87	38.934278	-77.17748
238	32.885682	-97.060565
768	35.6197	139.728553
470	35.691251	139.701072
753	35.694003	139.753595
618	35.64669	139.710106
721	35.670168	139.702687
780	35.665855	139.731223
692	35.662836	139.731443
695	35.698547	139.773091
735	35.658089	139.701518
687	35.689346	139.700578
732	35.661675	139.667558
702	35.689821	139.697901
619	35.690055	139.705894
690	35.66721	139.708958
653	35.552222	139.779722
742	35.739164	139.669924
706	35.700331	139.706029
715	35.699634	139.768856
670	35.649703	139.797887
678	35.64085	139.720842
453	35.628471	139.73876
469	35.670168	139.702687
669	35.719135	139.705618
697	35.66736	139.706898
677	35.763889	140.391667
631	35.691861	139.763907
781	35.715311	140.032779
655	43.575332	141.95622
775	35.613602	139.667892
786	35.551355	139.788354
754	35.603924	139.734712
707	35.599475	139.671484
675	35.665808	139.752301
611	35.694795	139.767294
769	35.654888	139.753549
500	35.706111	139.559444
752	35.703349	139.577537
681	35.728484	139.771904
644	35.672152	139.765991
673	35.45203	139.647598
484	35.683333	139.55
547	35.883333	139.783333
552	35.670168	139.702687
458	35.683333	139.916667
515	35.7	139.583333
401	35.633333	139.616667
433	35.683333	139.6
592	35.319031	139.550703
440	35.666667	139.783333
439	35.55	139.633333
508	35.683333	139.583333
461	35.783333	140.316667
212	35.221997	-101.831297
178	34.092233	-117.435048
792	35.681382	139.766084
771	35.686017	139.775908
652	35.728019	139.770705
70	38.846224	-77.306373
90	38.029306	-78.476678
137	39.745947	-75.546589
228	40.016858	-105.281247
216	37.029869	-76.345222
603	35.522557	139.590085
736	35.646259	139.627052
760	35.634095	139.715784
694	35.626446	139.723444
719	35.698831	139.774762
640	35.644417	139.699205
714	35.672303	139.765717
570	35.719722	139.924722
643	35.658068	139.751599
790	35.668361	139.759518
738	35.645003	139.737616
464	35.716667	139.95
641	35.662178	139.701952
703	35.548894	139.785656
757	35.692706	139.701274
726	35.662261	139.697297
399	35.666667	139.783333
755	35.711304	139.796639
776	35.442221	139.646377
672	35.65964	139.698041
686	35.655531	139.692545
448	35.723889	139.522222
488	35.533333	139.633333
297	35.693056	139.983333
438	35.533333	139.633333
674	35.711951	139.707788
602	35.655833	139.323889
544	35.758056	139.468611
169	30.694357	-88.043054
33	33.849182	-118.388408
510	35.738611	139.572222
395	35.633333	139.65
307	42.562967	-114.460871
220	38.303184	-77.46054
668	35.623005	139.569821
524	35.636389	139.574444
647	35.652502	139.642492
509	35.783333	139.783333
551	35.616667	139.55
441	35.8	139.75
671	35.45742	139.625871
537	35.45	139.65
709	35.452051	139.629684
535	35.5	139.633333
548	35.665289	139.726373
533	35.65	140.05
536	35.658333	139.406111
528	35.766667	139.566667
558	35.783333	139.55
737	35.628742	139.685134
511	35.639722	139.452222
483	35.520556	139.717222
514	35.533333	139.5
481	35.716667	139.866667
442	35.583333	139.533333
444	35.766667	139.633333
424	35.566667	139.633333
489	35.533333	139.6
747	35.697101	139.772637
627	35.731773	139.72225
637	35.699634	139.768856
635	35.667328	139.76977
559	35.683333	139.416667
530	35.783333	139.9
685	35.622456	139.661834
684	35.754969	139.731825
561	35.483333	139.466667
733	35.694615	139.700668
560	35.883333	139.633333
521	35.676418	139.700291
772	35.685396	139.767926
645	35.654297	139.735468
636	35.63574	139.68841
680	35.694727	139.778559
581	35.698831	139.774762
450	35.805	139.720556
571	35.666667	139.483333
543	35.540278	139.450833
542	35.907222	139.620278
495	35.833333	139.716667
516	35.733333	139.65
472	35.691389	139.501111
620	35.906211	139.62368
628	35.562445	139.725327
660	35.628471	139.73876
779	35.533035	139.695904
667	35.782383	139.710843
459	35.75	139.85
789	35.708861	139.95847
766	35.708667	139.773216
696	35.643054	139.712447
656	35.701964	139.394384
691	35.705725	139.656881
554	35.669071	139.703995
767	35.648156	139.708497
759	35.631335	139.715624
654	35.590742	139.729482
541	35.551866	139.787327
740	35.697756	139.760599
664	35.585875	139.670112
568	35.674444	139.435
564	35.291667	139.585556
565	35.483333	139.45
569	35.833333	139.583333
525	35.308889	139.550278
596	35.783333	139.616667
