0	0	179
0	5	1
0	27	3
0	26	1
0	48	3
0	125	3
0	165	6
0	192	4
0	124	4
0	264	2
0	240	3
0	301	2
0	291	9
0	299	8
0	328	2
0	294	2
0	322	3
0	235	3
0	412	5
0	476	4
0	331	3
0	428	8
0	339	1
0	145	2
0	575	3
0	550	1
100	102	74
100	105	4
100	89	1
100	110	9
100	79	2
100	270	2
100	97	3
100	38	5
100	117	4
100	248	1
100	0	1
100	7	1
101	72	99
101	106	8
101	81	3
101	156	2
101	187	3
101	200	2
101	23	2
101	45	2
101	114	2
101	133	3
101	38	4
101	18	7
101	135	2
101	136	2
101	12	1
101	174	3
101	57	6
101	82	2
101	145	10
101	208	2
101	325	5
102	104	377
102	25	1
102	107	2
102	20	2
102	12	2
102	39	2
102	211	2
102	138	2
102	217	4
103	3	585
103	0	16
103	5	1
103	43	10
103	101	8
103	53	7
103	11	2
103	128	4
103	125	9
103	42	5
103	25	2
103	7	2
103	245	2
103	218	4
103	62	3
103	298	7
103	383	2
103	155	5
103	408	2
103	411	4
103	356	1
103	360	6
103	160	1
103	443	2
103	434	4
103	16	2
103	270	6
103	351	4
103	205	12
103	308	9
103	314	2
103	199	2
103	451	2
103	274	21
103	540	10
103	363	3
103	375	6
103	284	17
103	566	7
103	111	4
103	94	5
103	410	3
103	503	2
104	3	7
104	0	24
104	165	16
104	267	7
104	11	1
104	257	7
104	144	5
104	298	4
104	291	7
104	294	1
104	376	12
104	379	10
104	143	1
104	369	6
104	193	5
104	346	3
104	229	4
104	363	2
104	308	2
104	410	5
104	463	7
104	234	1
104	47	2
104	224	3
104	184	1
104	159	1
104	425	1
104	526	4
104	413	1
104	305	1
104	288	2
104	449	3
104	545	2
104	374	1
104	387	1
104	577	9
104	573	1
104	575	10
105	0	3
105	48	6
105	108	1
105	260	3
105	165	12
105	214	1
105	144	1
105	284	5
105	305	1
105	302	2
105	363	1
105	377	1
105	415	1
105	426	2
105	342	6
105	244	2
105	476	2
105	288	5
106	79	175
106	110	4
106	92	5
106	85	1
106	36	3
106	136	3
106	215	1
106	102	2
106	271	3
106	287	6
106	20	8
106	97	1
106	168	3
106	217	2
106	331	5
106	135	2
106	139	8
106	351	5
106	539	5
106	388	2
106	582	1
106	576	2
107	62	208
107	111	23
107	115	8
107	93	18
107	19	2
107	50	2
107	0	43
107	96	5
107	148	4
107	168	26
107	3	69
107	35	4
107	2	18
107	245	4
107	4	3
107	5	2
107	41	18
107	205	14
107	6	2
107	74	3
108	77	13
108	86	20
108	61	5
108	70	13
108	59	1
108	112	6
108	195	3
108	166	1
108	179	1
108	20	1
108	107	1
109	120	31
109	14	12
109	98	2
109	5	3
109	105	19
109	0	11
109	20	38
109	179	3
109	334	3
10	8	6
10	11	2
10	47	4
10	62	160
10	0	6
10	199	6
10	22	43
10	23	3
10	20	1
10	228	1
10	324	2
10	316	2
10	462	1
110	124	4
110	0	10
110	160	1
110	265	2
110	288	2
110	496	1
110	531	2
110	329	1
110	562	1
110	387	2
110	582	2
110	578	1
110	576	1
111	116	300
111	454	8
111	331	1
111	166	3
111	20	29
111	186	3
111	107	4
111	24	4
111	289	1
111	325	2
111	321	1
111	29	3
111	196	6
111	598	146
111	477	2
111	428	2
111	328	10
111	478	1
111	229	1
111	476	2
111	383	1
112	127	12
112	0	2
112	14	6
112	320	2
112	21	10
112	387	1
112	337	3
112	493	2
112	501	1
112	351	1
112	454	2
113	0	1
113	134	1
113	490	1
113	314	1
113	333	5
113	275	2
113	476	2
113	357	3
113	358	2
113	41	1
114	131	1
114	171	5
114	239	13
114	0	9
114	12	1
114	272	2
114	288	8
114	245	1
114	205	1
114	428	3
114	303	4
114	436	6
114	384	1
114	454	1
115	1	220
115	2	6
115	62	1
115	146	2
115	0	2
115	119	3
115	3	1
115	69	1
115	370	1
115	53	1
116	132	33
116	142	52
116	84	1
116	20	47
116	423	1
116	45	2
116	355	11
116	186	25
116	116	65
116	158	2
116	145	1
116	222	5
116	58	1
116	176	3
116	133	1
116	217	28
117	92	6
117	139	117
117	89	8
117	10	2
117	217	9
117	158	4
117	79	1
117	156	2
117	91	4
117	174	2
117	14	69
118	133	26
118	180	2
118	112	6
118	208	6
118	38	7
118	154	6
118	238	1
118	21	1
118	20	1
118	29	1
118	45	1
118	107	1
118	114	8
118	0	5
118	35	1
119	24	7
119	42	4
119	71	53
119	10	1
119	227	6
119	296	16
119	64	2
119	129	29
119	66	8
119	9	27
119	455	7
119	454	22
11	1	96
11	2	13
11	41	2
11	0	46
11	323	1
11	316	3
11	373	30
11	370	11
11	476	24
11	337	2
11	298	1
11	371	2
11	164	8
11	187	1
11	429	1
11	359	2
120	0	191
120	3	1
120	356	8
120	160	2
120	374	1
120	282	3
120	485	14
120	199	1
120	347	1
120	428	2
120	183	1
121	20	4
121	158	12
121	134	5
121	136	3
121	25	1
121	12	1
121	14	1
121	5	2
121	98	5
121	63	11
121	306	7
121	42	4
121	210	2
122	91	1
122	0	1
122	141	2
122	45	8
122	112	12
122	127	7
122	97	6
122	38	2
122	136	3
122	70	1
122	25	1
122	107	5
122	114	3
122	133	1
122	154	2
122	20	7
122	23	1
122	59	1
122	216	1
122	72	1
123	116	1
123	97	2
123	38	1
123	386	3
123	403	2
123	454	8
123	387	1
123	575	17
123	576	1
123	263	4
123	355	1
123	539	3
123	577	1
123	580	1
123	583	1
123	579	1
124	143	32
124	48	26
124	0	15
124	229	3
124	32	10
124	146	2
124	69	4
124	209	1
124	144	1
124	282	5
124	290	2
124	310	4
124	315	2
124	379	7
124	191	1
124	338	3
124	405	4
124	193	6
124	431	2
124	286	2
124	183	4
124	318	1
124	496	3
124	415	10
124	201	1
124	425	12
124	512	1
124	153	1
124	364	1
124	284	6
125	113	81
125	42	57
125	20	18
125	289	7
125	12	7
125	24	19
125	141	3
125	277	32
125	9	2
125	66	1
125	129	2
126	28	3
126	19	2
126	82	1
126	215	2
126	133	3
126	148	2
126	131	2
126	237	3
126	269	1
126	196	1
126	210	1
126	136	2
126	217	2
127	48	6
127	3	43
127	0	15
127	21	2
127	201	3
127	247	1
127	67	2
127	236	1
127	165	2
127	193	2
127	291	2
127	298	6
127	299	2
127	343	6
127	303	12
127	393	3
127	372	1
127	422	2
127	498	2
127	288	3
127	420	1
127	143	1
127	526	1
127	240	1
127	376	3
127	512	1
127	415	1
127	421	1
127	234	1
128	25	2
128	0	4
128	110	1
128	161	2
128	105	4
128	80	2
128	38	2
128	72	2
128	92	2
128	174	3
128	159	2
128	198	1
128	188	1
128	212	2
128	203	3
128	197	2
128	181	2
128	137	1
128	118	2
128	44	1
129	8	2
129	2	31
129	153	2
129	62	2
129	3	4
129	65	1
129	53	1
129	165	5
129	288	2
129	373	3
12	12	4
12	17	1
12	14	4
12	19	1
12	51	1
12	197	1
12	203	1
12	212	1
12	188	1
12	148	5
130	80	10
130	216	1
130	21	2
130	23	2
130	90	1
130	261	1
130	110	1
130	79	1
130	122	2
130	97	2
130	118	1
130	220	1
130	24	1
130	133	1
130	39	2
130	72	1
130	98	1
130	277	1
131	148	1
131	146	1
131	494	1
131	323	1
131	477	1
131	454	1
131	76	1
131	82	1
131	169	1
131	104	2
131	85	1
131	270	2
131	80	1
131	188	1
131	14	2
131	3	1
131	165	2
131	624	1
131	344	1
131	52	1
132	79	20
132	320	1
132	539	2
132	582	3
132	576	1
132	584	1
132	177	1
132	575	2
132	550	2
132	355	1
132	580	1
132	387	1
132	351	1
132	270	1
133	56	146
133	0	6
133	150	2
133	14	6
133	285	1
133	310	4
133	368	1
133	48	20
133	347	10
133	334	9
133	428	8
133	338	1
133	267	2
133	512	3
133	479	2
133	393	3
133	593	2
133	597	7
133	260	2
133	502	4
133	104	5
133	351	1
134	25	2
134	20	7
134	107	6
134	37	1
134	289	1
134	0	1
134	42	1
134	138	1
134	217	2
135	69	1
135	3	14
135	0	7
135	16	5
135	2	2
135	1	1
135	310	1
135	313	1
135	104	1
135	362	1
135	360	1
136	20	64
136	186	21
136	58	1
136	29	1
136	142	120
136	103	2
136	176	6
136	334	1
136	326	3
136	626	9
136	423	6
137	56	204
137	151	4
137	130	3
137	0	29
137	67	1
137	192	1
137	164	3
137	7	3
137	237	3
137	25	9
137	250	4
137	24	1
137	33	1
137	45	1
137	150	3
137	20	1
137	103	1
137	40	1
137	288	3
138	95	55
138	0	28
138	38	1
138	134	2
138	160	3
138	1	1
138	23	4
138	285	1
138	323	4
138	329	8
138	5	1
139	150	2
139	174	1
139	34	1
139	347	2
139	457	1
139	200	2
139	0	139
139	476	9
139	454	4
139	396	1
139	182	4
139	48	4
139	164	1
139	313	3
139	221	1
139	374	3
139	493	4
139	38	1
13	13	1
13	3	1
13	94	1
13	108	2
13	190	3
13	0	1
13	165	1
13	244	1
13	183	5
13	287	1
13	334	1
13	374	1
13	409	1
13	124	1
140	114	3
140	133	5
140	23	2
140	103	13
140	0	1
140	420	1
140	320	1
140	96	15
140	20	5
140	138	4
140	217	3
141	58	2
141	158	2
141	163	2
141	126	3
141	170	1
141	172	1
141	159	2
141	175	1
141	177	1
141	181	2
141	90	2
142	116	69
142	20	92
142	22	3
142	454	5
142	386	3
142	598	6
142	167	4
142	166	6
142	103	2
142	17	3
143	48	2
143	165	7
143	155	1
143	301	5
143	363	1
143	379	1
143	290	2
143	334	1
143	52	2
143	276	2
143	144	1
144	48	7
144	69	1
144	11	22
144	201	4
144	239	2
144	285	2
144	310	4
144	318	1
144	347	4
144	231	1
144	0	2
144	371	1
144	346	3
144	377	1
144	379	1
144	288	1
144	334	1
145	23	5
145	20	60
145	207	1
145	103	10
145	36	2
145	106	1
145	334	4
145	392	12
145	322	1
145	454	20
145	84	1
145	281	1
145	387	2
146	20	295
146	17	28
146	196	1
146	14	3
146	24	5
146	45	1
146	107	9
146	289	2
146	366	7
146	58	2
146	0	6
147	159	3
147	0	7
147	32	1
147	498	4
147	144	3
147	428	1
147	347	1
147	566	3
147	286	2
147	315	1
147	512	1
147	381	10
147	387	2
147	550	2
148	21	40
148	134	1
148	337	32
148	339	11
148	322	2
148	82	1
148	174	1
148	390	2
148	493	1
148	145	1
148	351	1
148	211	1
148	332	1
148	327	3
148	454	1
148	392	1
148	189	1
148	471	4
148	607	1
149	169	9
149	68	14
149	21	7
149	38	1
149	145	2
149	82	1
149	277	1
149	79	2
149	20	4
149	58	1
149	0	1
149	39	1
149	76	1
14	14	513
14	15	14
14	26	8
14	31	5
14	179	8
14	20	215
14	46	3
14	28	3
14	24	31
14	42	2
14	66	7
14	189	2
150	89	12
150	139	5
150	136	1
150	137	1
150	118	1
150	38	2
150	57	1
150	10	1
150	217	1
150	92	4
150	98	2
151	174	6
151	188	2
151	147	5
151	76	2
151	145	3
151	232	2
151	225	2
151	231	16
151	126	1
151	46	13
151	20	5
151	45	2
151	136	2
151	265	5
151	206	3
151	79	4
151	320	3
151	326	3
151	72	2
151	456	2
151	329	6
151	175	2
151	323	4
151	496	2
151	531	3
152	25	1
152	150	5
152	193	2
152	310	7
152	305	19
152	338	14
152	342	4
152	348	3
152	326	4
152	347	4
152	346	11
152	369	3
152	288	30
152	336	6
152	384	7
152	313	3
152	301	3
152	5	5
152	124	3
152	267	2
152	0	2
152	334	2
152	22	56
152	454	5
152	428	15
152	201	3
152	376	4
152	48	52
152	365	2
152	34	2
152	153	1
152	191	2
152	379	1
152	512	15
152	415	14
152	32	1
152	290	1
152	494	2
152	502	2
152	363	2
153	133	11
153	140	23
153	57	49
153	97	8
153	112	6
153	72	2
153	114	7
153	38	8
153	154	2
153	2	1
153	122	3
153	107	3
153	20	2
153	157	1
153	138	2
153	217	5
153	386	27
153	335	3
153	374	2
153	183	2
154	16	30
154	3	24
154	73	1
154	0	16
154	133	2
154	136	4
154	137	1
154	118	4
154	38	1
154	185	2
154	158	1
154	146	30
154	1	2
154	19	2
154	104	6
154	428	7
154	80	4
154	271	2
154	248	2
154	96	1
155	23	3
155	12	2
155	339	4
155	347	1
155	335	6
155	460	9
155	428	3
155	480	3
155	359	2
156	56	2
156	0	185
156	223	5
156	120	16
156	160	6
156	164	8
156	241	2
156	49	3
156	151	1
156	11	1
156	221	1
157	1	174
157	192	2
157	60	2
157	172	2
157	0	8
157	410	3
157	428	4
157	14	2
157	3	5
157	214	2
157	298	2
157	32	1
157	56	2
157	316	2
157	219	1
157	474	1
157	463	1
158	3	3
158	160	1
158	251	2
158	131	1
158	356	5
158	47	3
158	233	2
158	308	4
158	5	2
158	343	2
158	362	6
158	436	2
158	275	2
158	292	1
158	288	1
158	53	2
158	165	4
158	234	1
159	23	5
159	58	1
159	25	10
159	36	1
159	287	2
159	326	2
159	217	1
159	322	4
159	334	2
15	0	95
15	8	21
15	41	1
15	73	230
15	125	1
15	35	1
15	172	2
15	184	1
15	159	1
15	133	2
15	299	3
15	285	3
15	124	2
15	224	4
15	316	1
15	298	6
15	235	3
15	250	3
15	276	1
15	372	7
15	1	2
15	346	2
15	365	3
15	342	1
15	384	2
160	0	62
160	1	2
160	221	2
160	73	41
160	235	2
160	3	3
160	165	14
160	246	1
160	426	4
160	368	3
160	512	1
160	409	1
160	34	1
161	12	3
161	73	75
161	0	79
161	3	1
161	1	4
161	245	2
161	221	2
161	5	3
161	491	2
161	241	1
161	372	6
161	282	1
161	250	4
161	436	3
161	224	1
161	498	1
162	0	11
162	133	5
162	49	5
162	235	2
162	252	2
162	144	2
162	67	1
162	272	1
162	56	1
162	130	1
162	35	1
162	298	4
162	410	4
162	405	4
162	393	6
163	0	266
163	10	1
163	8	18
163	1	1
163	49	2
163	67	4
163	56	186
163	160	2
163	165	6
163	250	6
163	182	29
163	48	13
163	285	4
163	310	2
163	316	5
163	100	3
163	352	12
163	124	4
163	288	7
163	298	1
163	383	6
163	315	4
164	71	2
164	194	1
164	27	1
164	31	1
164	54	1
164	76	1
164	392	2
164	454	1
164	428	1
164	0	1
165	136	12
165	255	12
165	114	1
165	92	3
165	430	3
165	79	10
165	156	3
165	104	6
165	133	1
165	289	1
166	61	35
166	140	81
166	107	1
166	112	5
166	97	4
166	86	1
166	334	2
166	454	4
166	386	8
166	38	2
166	87	3
167	16	152
167	344	72
167	405	5
167	60	4
167	264	3
167	398	6
167	258	3
167	455	5
167	386	5
167	428	1
167	115	3
167	104	6
167	114	2
167	374	1
167	454	5
167	540	1
167	357	1
168	20	260
168	132	2
168	23	4
168	25	3
168	58	1
168	196	1
168	14	7
168	179	9
168	45	3
169	104	6
169	0	21
169	39	2
169	3	2
169	136	1
169	265	2
169	110	2
169	288	2
169	72	4
169	51	1
169	327	2
169	322	3
16	16	79
16	3	33
16	22	10
16	20	4
16	23	5
16	0	11
16	43	5
16	62	22
16	94	4
16	100	1
16	183	6
16	108	5
16	219	3
16	123	1
16	69	2
16	53	2
16	30	3
16	171	1
16	239	6
16	251	1
16	299	6
16	312	1
170	3	7
170	123	1
170	8	1
170	108	1
170	251	1
170	0	1
170	43	2
170	184	3
170	206	2
171	24	14
171	42	4
171	71	6
171	78	5
171	194	1
171	210	1
171	322	1
171	79	2
171	296	1
172	67	9
172	146	1
172	35	1
172	10	1
172	76	2
172	0	3
172	24	1
172	210	2
172	250	1
172	104	1
172	288	2
172	143	1
173	207	17
173	10	3
173	18	9
173	213	3
173	25	1
173	226	1
173	28	1
173	334	12
173	326	1
173	323	2
173	327	1
173	331	1
174	14	81
174	223	9
174	325	4
174	204	1
174	200	1
174	38	1
174	477	10
174	456	3
174	231	2
174	387	2
174	585	3
175	149	18
175	42	50
175	40	61
175	24	111
175	113	8
175	37	1
175	66	4
175	217	1
175	71	1
175	83	3
176	213	2
176	208	3
176	18	2
176	98	5
176	148	2
176	181	3
176	110	2
176	105	2
176	136	2
176	265	4
176	330	2
176	20	2
177	165	4
177	214	1
177	130	3
177	201	4
177	0	4
177	160	5
177	288	15
177	449	3
177	428	19
177	454	1
177	22	9
177	304	10
177	281	9
177	334	2
177	381	2
177	310	3
178	72	2
178	362	6
178	356	2
178	409	5
178	314	1
178	385	1
178	334	1
178	22	5
178	428	3
178	6	8
178	485	21
178	282	7
178	370	1
178	358	2
179	118	85
179	72	1
179	0	8
179	92	1
179	122	1
179	185	1
179	59	8
179	20	4
179	366	1
179	127	7
179	87	1
17	18	1
17	58	92
17	29	89
17	20	196
17	117	24
17	19	3
17	45	13
17	12	14
17	141	2
17	17	1
17	23	4
180	3	10
180	0	6
180	23	5
180	2	13
180	173	1
180	273	2
180	163	2
180	158	1
180	142	64
180	262	2
181	21	4
181	225	2
181	83	3
181	24	2
181	238	9
181	145	2
181	81	3
181	0	2
181	44	1
181	19	2
181	311	1
181	321	1
181	204	1
181	136	1
182	0	430
182	14	9
182	4	1
182	6	1
182	145	13
182	146	1
182	115	1
182	7	2
182	221	2
182	164	2
182	285	3
182	192	2
182	74	5
182	3	5
182	372	2
182	245	2
182	369	2
182	244	2
182	449	1
182	482	1
182	56	2
182	428	5
182	498	2
182	41	1
182	465	3
182	347	2
183	202	2
183	20	17
183	45	1
183	81	3
183	210	1
183	84	2
183	366	1
183	173	2
183	196	2
183	454	5
183	392	4
184	58	131
184	222	77
184	150	3
184	452	4
184	339	4
184	454	4
184	455	4
184	387	2
184	582	9
185	0	12
185	14	1
185	15	1
185	240	1
185	69	2
185	247	2
185	32	3
185	343	2
185	294	5
185	367	1
185	48	2
185	425	2
185	301	2
185	529	1
185	476	3
185	522	1
186	0	3
186	25	1
186	232	4
186	18	4
186	337	47
186	493	8
186	323	4
186	457	2
186	174	1
186	454	3
186	455	1
186	21	2
186	465	1
187	23	2
187	2	3
187	128	2
187	0	8
187	303	2
187	336	1
187	403	1
187	142	1
187	45	1
187	296	1
187	343	4
187	288	2
187	32	4
187	496	1
187	204	1
187	457	2
188	20	317
188	179	4
188	142	1
188	186	5
188	23	6
188	0	32
188	334	8
188	160	3
188	4	3
188	336	4
188	133	8
188	403	2
188	144	2
189	134	7
189	36	1
189	323	13
189	454	7
189	335	3
189	480	3
189	386	2
189	577	13
189	580	2
189	575	4
189	578	4
18	0	37
18	20	12
18	3	135
18	2	100
18	16	3
18	107	5
18	132	2
18	103	4
18	84	2
18	133	9
18	111	1
18	1	1
18	11	1
18	115	4
18	73	4
18	148	4
18	428	5
18	325	1
18	256	1
18	416	1
18	386	2
18	345	1
18	527	1
190	223	1
190	98	2
190	14	2
190	29	1
190	323	3
190	20	2
190	334	4
190	46	1
190	326	4
190	428	2
190	118	1
191	0	170
191	41	3
191	338	5
191	328	44
191	394	3
191	290	4
191	8	16
191	229	3
191	425	6
191	286	1
191	298	1
191	428	7
191	339	1
191	55	11
191	51	1
191	19	1
191	421	5
191	143	5
192	160	28
192	164	20
192	0	7
192	79	1
192	38	2
192	248	2
192	117	2
192	188	2
192	180	8
192	93	2
192	126	2
192	147	6
192	21	2
193	109	7
193	24	5
193	3	2
193	213	1
193	142	5
193	20	8
193	19	1
193	0	1
193	217	1
193	83	1
193	386	2
193	455	8
193	452	2
194	77	1
194	104	3
194	255	1
194	112	2
194	91	1
194	238	1
194	177	1
194	156	2
194	148	2
194	140	1
194	79	2
194	211	2
194	200	1
195	53	2
195	43	4
195	280	1
195	20	1
195	84	1
195	233	1
195	350	1
195	364	1
195	190	3
195	244	1
195	428	2
196	231	1
196	189	2
196	64	1
196	81	1
196	10	2
196	296	1
196	287	2
196	217	1
196	28	2
196	471	2
196	455	3
197	81	5
197	55	108
197	19	3
197	27	1
197	468	2
197	203	1
197	311	1
197	263	1
197	539	1
197	584	2
197	582	2
197	583	1
197	577	1
198	150	1
198	103	3
198	23	6
198	24	1
198	21	1
198	133	1
198	79	1
198	222	1
198	148	1
199	232	2
199	82	7
199	20	1
199	145	1
199	5	2
199	539	1
199	263	1
199	579	1
199	225	1
19	21	1
19	23	7
19	20	36
19	25	12
19	24	338
19	9	3
19	42	12
19	71	9
19	113	31
19	14	103
19	98	17
19	12	39
19	46	6
19	88	1
19	28	8
19	66	13
19	129	3
1	1	1
1	2	9
1	3	12
1	4	28
1	6	1
1	0	14
1	20	6
1	116	1
1	103	1
1	218	9
1	10	3
1	262	1
1	175	1
1	84	5
1	41	1
200	0	35
200	155	15
200	393	1
200	381	7
200	288	3
200	338	4
200	209	1
200	343	13
200	364	3
200	286	4
200	574	3
200	160	1
200	443	1
200	367	2
200	445	21
200	546	1
200	382	5
200	563	1
200	369	1
200	165	7
200	590	2
200	284	1
200	192	1
200	161	1
200	428	6
200	607	2
201	82	4
201	249	1
201	18	3
201	336	6
201	387	3
201	304	5
201	334	2
201	497	2
201	337	1
201	339	1
201	455	1
201	351	7
201	467	5
201	386	3
202	40	9
202	19	1
202	249	1
202	45	2
202	20	2
202	226	6
202	210	1
202	334	5
202	455	37
202	486	36
202	386	7
202	57	4
202	519	2
203	179	2
203	20	1
203	173	2
203	58	7
203	46	1
203	45	79
203	403	3
203	454	18
203	266	1
203	28	2
203	226	1
203	140	8
203	150	3
203	398	4
203	387	3
203	388	1
203	576	2
203	582	7
203	579	2
204	5	6
204	157	5
204	86	7
204	79	1
204	320	1
204	135	1
204	430	3
204	386	5
204	331	1
204	501	2
204	181	2
204	351	2
205	253	4
205	257	1
205	115	1
205	394	4
205	293	2
205	491	2
205	428	2
205	476	2
205	374	2
205	490	1
205	43	1
205	432	1
205	485	1
205	60	1
206	109	1
206	360	4
206	427	2
206	303	8
206	240	2
206	422	2
206	506	2
206	260	1
206	3	1
206	94	2
206	372	2
206	288	2
206	53	1
207	104	24
207	96	1
207	19	2
207	10	1
207	45	3
207	88	1
207	136	2
207	105	2
207	76	1
207	0	2
207	41	2
207	139	2
207	106	1
207	289	2
207	113	2
207	211	1
207	418	1
208	46	3
208	91	1
208	57	1
208	122	4
208	173	1
208	418	1
208	118	3
208	38	1
208	386	1
208	59	3
209	261	5
209	288	1
209	168	3
209	473	5
209	215	3
209	102	2
209	105	1
209	418	4
209	133	2
209	38	22
20	3	58
20	30	6
20	43	9
20	94	6
20	69	6
20	0	12
20	183	194
20	108	10
20	53	21
20	123	1
20	65	2
20	251	7
20	209	3
20	300	2
20	285	2
20	310	1
20	333	24
20	334	10
20	219	2
20	8	2
20	292	2
20	375	3
20	356	7
20	324	1
20	101	5
20	362	8
20	404	3
20	314	4
20	350	16
20	336	1
20	398	6
20	5	2
20	360	2
20	244	2
20	347	7
20	454	4
20	20	1
20	428	17
20	275	6
20	387	7
20	503	1
20	506	6
20	68	2
20	282	4
20	482	1
20	357	3
20	335	1
20	331	2
20	416	1
20	527	80
20	476	29
20	381	7
20	417	1
20	364	6
20	258	1
20	526	2
20	455	5
20	409	1
20	371	1
20	309	1
20	518	2
20	382	1
20	462	4
210	48	8
210	144	1
210	302	1
210	291	1
210	214	5
210	3	3
210	380	2
210	415	5
210	310	1
210	428	2
210	476	5
210	272	3
210	363	1
211	141	1
211	20	6
211	72	17
211	96	15
211	145	50
211	334	1
211	388	1
211	387	19
211	327	2
211	326	4
211	347	3
211	0	2
211	75	4
211	162	1
211	3	1
211	106	1
211	76	5
211	156	1
211	268	1
211	107	3
211	82	1
211	21	1
211	337	2
212	145	178
212	21	9
212	76	20
212	82	6
212	268	11
212	118	4
212	185	1
212	136	14
212	38	2
212	206	1
212	175	7
212	24	32
212	129	2
212	296	6
212	289	3
212	66	2
212	232	1
213	265	4
213	206	1
213	24	10
213	20	28
213	38	3
213	97	2
213	242	2
213	418	109
213	386	2
214	149	3
214	194	2
214	129	2
214	322	2
214	454	1
214	176	1
214	24	3
214	64	2
214	455	4
214	38	3
214	326	1
215	102	74
215	25	2
215	36	1
215	323	1
215	505	9
215	456	2
215	454	2
215	22	6
215	220	3
215	135	1
215	118	1
215	80	1
215	217	1
215	189	2
216	41	20
216	0	11
216	221	1
216	11	14
216	301	1
216	153	1
216	364	2
216	347	1
216	37	1
216	144	4
216	124	1
216	274	2
216	293	2
216	252	5
216	338	1
216	328	12
217	38	6
217	386	4
217	329	2
217	136	1
217	418	1
217	97	4
217	57	2
217	156	1
217	79	1
217	132	1
217	366	1
217	266	2
217	289	1
218	42	460
218	24	542
218	210	1
218	63	8
218	99	2
218	66	14
218	5	2
218	129	3
218	113	16
218	97	2
218	289	11
218	12	9
219	134	11
219	206	3
219	23	3
219	103	2
219	133	1
219	323	15
219	318	3
219	374	4
219	467	17
219	345	4
21	22	9
21	23	10
21	20	150
21	138	1
21	83	1
21	81	1
21	198	6
21	57	1
21	28	1
21	207	1
21	103	8
21	36	4
21	12	4
21	106	2
21	334	12
21	322	1
21	320	3
21	332	2
21	351	2
21	84	1
21	454	28
21	281	1
21	392	7
21	531	3
21	493	2
21	386	4
21	347	1
21	574	1
21	247	1
220	41	1
220	74	1
220	299	1
220	324	2
220	391	1
220	346	2
220	372	1
220	288	1
220	381	16
220	455	3
220	345	2
221	0	1299
221	8	5
221	130	1
221	35	6
221	286	12
221	310	3
221	235	10
221	413	1
221	5	1
221	338	3
221	152	2
221	428	8
221	133	1
221	394	6
221	421	3
221	182	2
221	372	1
221	34	11
221	165	4
221	171	1
221	7	2
221	383	2
221	192	1
221	193	1
221	610	1
221	245	1
221	205	1
222	38	17
222	320	2
222	97	4
222	418	2
222	39	34
222	126	2
222	145	1
222	205	1
222	20	23
223	58	3
223	186	2
223	196	8
223	222	2
223	8	1
223	17	3
223	88	2
223	20	26
223	173	2
223	366	2
224	16	1
224	302	1
224	191	1
224	428	6
224	0	4
224	124	3
224	352	2
224	313	1
224	250	1
224	316	2
224	562	1
224	393	12
224	3	2
224	128	3
225	278	2
225	136	2
225	435	4
225	351	14
225	21	2
225	117	2
225	502	4
225	467	5
225	79	2
226	104	3
226	337	3
226	332	1
226	320	1
226	211	1
226	39	17
226	497	3
226	339	2
226	390	3
226	351	1
227	207	496
227	28	4
227	266	7
227	196	1
227	334	2
227	322	2
227	226	3
227	306	3
227	24	6
228	45	322
228	58	10
228	17	29
228	103	14
228	222	2
228	46	4
228	132	3
228	20	4
228	141	4
228	78	2
228	266	1
229	184	15
229	174	2
229	79	16
229	0	2
229	2	1
229	126	1
229	158	1
229	156	15
229	200	5
229	238	3
229	138	2
229	14	2
229	223	8
229	249	1
229	187	2
22	27	1
22	24	8
22	397	4
22	476	5
22	182	1
22	250	1
22	294	2
22	446	1
22	372	1
22	431	1
22	48	1
230	0	2
230	57	2
230	381	8
230	403	3
230	334	2
230	332	4
230	387	3
230	577	3
230	583	1
231	224	5
231	0	50
231	274	4
231	334	5
231	351	1
231	479	1
231	428	1
231	478	1
231	372	1
231	272	1
231	413	1
231	588	1
232	37	132
232	63	13
232	40	59
232	149	11
232	42	6
232	207	2
232	226	2
232	266	1
232	113	4
232	33	3
232	141	2
232	103	3
232	58	1
232	279	1
233	118	1
233	329	1
233	334	1
233	145	21
233	248	3
233	21	3
233	387	17
233	447	6
233	268	1
233	72	3
233	493	1
234	287	4
234	454	2
234	141	292
234	45	215
234	28	1
234	20	11
234	107	15
234	366	4
234	103	4
234	58	3
234	279	4
235	3	11
235	67	1
235	73	1
235	11	2
235	292	1
235	201	1
235	350	1
235	356	1
235	368	1
235	479	1
235	282	1
235	41	3
235	391	1
236	0	488
236	164	2
236	160	1
236	56	1
236	245	16
236	345	1
236	151	1
236	316	1
236	367	1
236	370	2
236	383	9
236	384	18
236	315	8
236	276	2
236	352	1
236	476	4
236	523	1
236	124	4
236	376	5
236	479	3
236	405	4
236	566	2
237	232	401
237	21	12
237	198	35
237	39	1
237	121	1
237	465	3
237	89	1
237	168	1
237	145	5
237	4	4
237	270	1
238	297	4
238	355	5
238	186	3
238	46	1
238	196	1
238	37	1
238	322	1
238	20	2
238	142	1
238	29	1
238	334	2
238	400	5
239	301	3
239	303	4
239	8	284
239	310	2
239	0	128
239	48	26
239	299	2
239	125	7
239	183	7
239	94	2
239	376	5
239	294	13
239	224	3
239	32	1
239	34	2
239	233	5
239	298	1
239	305	1
239	272	3
239	182	4
239	428	14
239	331	2
239	476	16
239	406	6
239	229	3
239	124	13
239	342	2
239	56	1
239	338	4
239	369	2
239	343	2
239	58	4
239	84	1
239	452	3
239	421	6
239	526	4
239	234	6
239	286	1
239	144	3
239	454	12
239	446	3
239	498	1
239	574	3
239	387	1
239	575	8
239	550	2
239	584	3
239	585	7
239	576	1
239	577	2
239	586	1
239	587	2
239	20	3
239	598	57
239	328	39
239	372	11
239	341	1
239	600	2
239	556	1
23	28	4
23	42	6
23	24	230
23	71	10
23	25	5
23	10	4
23	149	13
23	46	2
23	20	37
23	23	4
23	139	5
23	89	4
23	207	1
23	83	6
23	113	12
23	81	5
23	99	3
240	212	2
240	283	2
240	52	5
240	273	3
240	170	4
240	75	3
240	0	3
240	307	2
240	133	1
240	177	1
240	120	1
240	175	2
241	285	5
241	353	7
241	361	3
241	53	9
241	318	9
241	228	11
241	356	5
241	282	23
241	506	3
241	370	1
241	280	2
241	0	1
241	382	2
241	275	4
241	350	4
241	520	8
241	258	1
241	101	1
241	526	1
241	43	13
241	371	1
241	507	2
241	557	1
241	408	1
241	362	2
241	491	5
241	416	6
241	364	5
241	244	3
241	451	1
241	292	1
241	562	1
241	540	1
241	556	1
241	387	2
241	388	10
241	579	1
241	584	2
241	355	1
241	577	3
241	575	12
241	576	1
241	263	2
241	145	1
241	216	1
242	317	21
242	400	10
242	475	3
242	469	1
242	614	1
242	641	1
242	672	2
242	644	2
242	632	1
242	717	1
242	688	3
243	0	306
243	16	1
243	384	4
243	299	3
243	352	2
243	428	13
243	2	4
243	1	18
243	3	8
243	490	1
243	425	2
243	445	2
243	192	8
243	165	4
243	434	1
243	160	2
243	171	1
243	73	6
243	128	8
243	373	1
243	100	4
243	250	1
243	146	1
243	391	1
244	0	87
244	336	6
244	335	5
244	322	5
244	406	4
244	476	13
244	224	2
244	342	1
244	474	3
244	428	3
244	288	1
244	572	3
244	413	2
244	415	2
244	201	1
244	290	1
245	309	36
245	123	46
245	109	6
245	65	38
245	60	35
245	340	15
245	0	2
245	43	58
245	312	12
245	350	4
245	3	361
245	349	5
245	358	18
245	362	8
245	385	10
245	53	14
245	407	2
245	353	1
245	357	3
245	288	5
245	275	13
245	451	2
245	408	1
245	282	13
245	243	1
245	556	23
245	445	1
246	186	43
246	103	10
246	20	18
246	89	1
246	325	4
246	45	25
246	279	4
246	355	1
246	366	5
246	107	10
246	255	4
246	136	16
246	114	2
246	141	11
246	58	11
246	116	4
246	223	2
246	14	3
246	200	2
246	347	2
246	111	4
246	72	7
246	85	1
246	39	1
246	29	4
246	202	1
246	88	4
246	176	1
246	428	2
246	418	1
246	112	4
247	322	1
247	217	1
247	42	4
247	26	1
247	20	5
247	136	1
247	24	2
247	145	1
247	575	1
248	331	2
248	322	3
248	455	13
248	81	8
248	14	141
248	223	9
248	174	3
248	289	6
248	189	19
248	113	1
248	138	2
248	217	15
249	186	4
249	132	2
249	116	29
249	48	1
249	347	4
249	454	4
249	0	4
249	545	1
249	144	2
249	286	1
249	587	9
249	478	1
249	455	1
24	22	4
24	20	3
24	38	2
24	36	2
24	103	2
24	137	2
24	331	2
24	18	1
24	0	1
250	336	1
250	405	2
250	434	3
250	244	2
250	358	2
250	250	3
250	0	17
250	2	115
250	183	1
250	490	1
250	3	44
250	7	1
250	111	2
251	0	8
251	351	10
251	48	7
251	316	1
251	478	1
251	476	9
251	428	4
251	434	1
251	412	1
251	368	5
251	369	1
251	79	1
251	529	1
251	606	4
251	555	5
251	397	2
252	354	1
252	152	2
252	162	1
252	131	1
252	205	1
252	19	4
252	158	1
252	163	1
252	172	2
252	148	1
252	12	1
252	175	1
252	159	1
253	55	139
253	50	24
253	19	19
253	51	1
253	311	19
253	387	7
253	539	8
253	388	3
253	575	26
253	583	4
253	263	4
254	1	27
254	0	7
254	2	3
254	138	5
254	217	6
254	62	3
254	111	4
254	374	4
254	309	2
254	328	1
254	16	1
254	301	1
254	192	3
254	352	1
254	476	4
254	145	4
255	3	2
255	364	2
255	362	6
255	318	2
255	294	2
255	245	4
255	491	2
255	350	4
255	386	1
255	349	2
255	372	3
255	183	2
255	244	2
255	309	2
255	311	1
255	520	1
255	60	1
256	14	2
256	15	1
256	83	1
256	452	2
256	337	9
256	42	6
256	210	9
256	227	5
256	145	2
257	0	2
257	182	6
257	298	7
257	381	2
257	19	16
257	55	1
257	468	1
257	486	4
257	339	9
257	359	1
257	120	1
257	460	2
258	378	4
258	363	5
258	0	2
258	347	2
258	272	1
258	406	2
258	410	2
258	124	1
258	443	4
258	338	2
258	476	2
258	331	2
258	276	2
258	376	3
258	35	1
259	373	7
259	143	3
259	298	2
259	428	22
259	337	2
259	383	4
259	96	3
259	519	2
259	0	133
259	2	7
259	146	1
259	56	11
259	120	4
259	14	11
259	11	3
25	29	44
25	20	99
25	23	1
25	287	2
25	334	6
25	58	1
25	107	2
25	103	2
25	138	4
25	217	5
25	141	1
25	24	3
25	83	2
25	19	3
25	145	9
25	532	6
260	0	174
260	49	54
260	336	1
260	56	8
260	160	4
260	428	7
260	93	6
260	146	2
260	3	9
260	164	4
260	217	2
260	151	3
260	6	1
260	262	3
260	248	3
261	20	1032
261	17	594
261	132	20
261	58	7
261	186	10
261	84	11
261	103	33
261	45	8
261	142	18
261	176	5
261	202	18
262	3	26
262	2	8
262	111	1
262	0	3
262	16	2
262	277	4
262	217	3
262	506	1
262	476	1
262	101	3
262	357	1
262	333	1
262	190	5
262	282	1
262	527	17
262	345	1
262	314	1
262	364	2
262	258	2
262	41	1
262	309	1
262	409	1
262	371	1
262	491	2
262	518	3
262	557	1
262	318	2
262	382	3
262	280	5
262	534	1
262	350	5
262	43	1
262	601	4
262	205	2
262	597	3
262	385	1
263	221	14
263	368	4
263	214	1
263	587	1
263	534	1
263	588	2
263	199	1
263	347	1
263	428	2
263	523	3
263	612	1
263	236	1
263	125	2
263	0	15
264	395	34
264	396	150
264	399	92
264	401	5
264	389	8
264	297	1
264	458	1
264	459	1
264	484	2
264	492	6
264	495	7
264	440	2
264	513	4
264	483	1
264	499	2
264	560	1
264	568	1
264	614	2
264	549	2
264	680	1
264	669	2
264	641	9
264	638	9
264	637	1
264	400	18
264	697	8
264	521	5
265	385	8
265	406	2
265	340	1
265	60	3
265	362	7
265	356	6
265	378	2
265	312	1
265	417	2
265	474	3
265	0	6
266	3	3
266	101	4
266	299	1
266	308	6
266	318	3
266	369	2
266	393	6
266	364	30
266	491	3
266	288	3
266	347	3
266	282	1
266	520	4
266	415	1
266	503	6
266	566	4
266	293	1
266	462	3
266	382	4
266	591	3
266	422	2
266	43	5
266	228	2
266	274	1
266	538	20
266	280	3
266	421	2
266	557	4
266	597	5
266	595	1
266	512	1
267	355	13
267	186	71
267	132	3
267	20	8
267	141	13
267	366	16
267	176	6
267	142	3
267	196	4
268	142	18
268	334	19
268	322	7
268	37	2
268	81	2
268	327	3
268	116	2
268	494	1
268	471	2
268	107	9
268	428	2
268	289	7
268	113	10
268	223	3
269	374	2
269	21	2
269	381	4
269	356	1
269	350	3
269	322	3
269	362	2
269	491	1
269	506	1
269	428	1
26	32	14
26	48	23
26	2	1
26	128	1
26	144	7
26	155	7
26	165	11
26	0	105
26	171	6
26	193	3
26	241	1
26	260	1
26	124	1
26	310	3
26	299	8
26	288	6
26	272	1
26	363	7
26	94	2
26	380	9
26	201	7
26	379	5
26	416	2
26	421	8
26	233	2
26	346	1
26	393	6
26	5	1
26	244	2
26	370	2
26	343	3
26	338	3
26	381	11
26	345	1
26	512	1
26	415	3
26	214	1
26	191	1
26	368	2
26	463	2
26	146	2
26	562	3
26	369	2
26	540	2
26	163	1
26	359	1
26	428	1
26	286	1
26	574	3
26	539	1
26	263	2
270	309	1
270	358	4
270	409	4
270	0	1
270	350	2
270	322	2
270	2	3
270	417	1
270	328	1
270	347	6
270	235	1
270	413	2
270	491	4
270	416	2
270	371	1
270	382	1
270	518	1
270	482	1
271	336	2
271	356	27
271	391	11
271	370	4
271	282	2
271	100	1
271	362	14
271	534	1
271	428	2
271	409	1
271	589	1
271	604	7
271	610	3
271	315	4
271	352	2
271	316	2
271	21	1
271	612	1
272	0	160
272	276	4
272	32	1
272	315	17
272	376	10
272	191	2
272	380	2
272	316	1
272	428	4
272	443	3
272	124	2
272	365	1
272	260	1
272	394	2
272	19	2
272	311	2
272	339	1
272	165	18
273	118	29
273	38	59
273	418	4
273	97	35
273	122	4
273	185	9
273	19	3
273	77	2
273	127	3
273	157	2
274	146	3
274	567	3
274	382	3
274	590	2
274	364	4
274	43	7
274	534	1
274	591	1
274	422	2
274	526	4
274	274	3
274	228	1
274	540	2
274	538	2
274	393	6
274	404	1
274	604	5
274	361	2
274	411	1
274	165	2
274	445	13
274	73	2
274	420	1
274	468	3
274	217	2
275	306	264
275	22	13
275	207	2
275	226	2
275	28	2
275	266	2
275	189	1
275	78	4
275	149	2
275	158	1
275	71	1
275	141	1
275	27	2
275	26	4
275	54	2
276	400	1
276	453	1
276	317	7
276	396	1
276	581	1
276	614	1
276	470	9
276	648	3
276	664	1
276	708	2
276	712	7
276	768	1
276	660	4
276	672	1
276	734	2
276	619	5
277	72	3
277	174	5
277	140	4
277	430	1
277	24	1
277	106	4
277	217	8
277	81	1
277	38	1
277	148	1
278	414	8
278	400	10
278	317	3
278	22	1
278	541	1
278	330	2
278	693	1
278	697	2
278	698	1
278	644	3
278	714	5
278	642	1
278	708	1
279	417	3
279	407	7
279	53	9
279	258	4
279	337	3
279	244	2
279	358	5
279	190	2
279	357	1
279	504	1
279	428	3
279	454	1
279	476	3
27	0	5
27	3	1
27	43	8
27	75	3
27	65	3
27	94	8
27	109	7
27	20	1
27	30	5
27	183	5
27	38	1
27	416	3
27	233	3
27	308	2
27	244	1
27	53	1
27	381	3
27	235	1
27	413	1
27	314	2
27	409	3
27	491	6
27	431	1
27	372	1
280	400	10
280	419	8
280	453	9
280	487	2
280	470	6
280	317	12
280	525	1
280	475	3
280	548	3
280	549	13
280	466	2
280	552	2
280	541	1
280	554	4
280	614	10
280	389	1
280	613	1
280	456	1
280	629	2
280	632	1
280	692	13
280	679	1
280	714	1
281	381	5
281	383	3
281	428	2
281	144	2
281	394	2
281	276	2
281	124	3
281	463	2
281	191	3
281	591	1
281	593	1
282	127	3
282	454	6
282	493	11
282	501	4
282	390	4
282	502	1
282	386	9
282	486	2
282	304	1
282	455	1
282	351	1
283	400	1
283	424	7
283	399	11
283	396	12
283	433	2
283	439	2
283	389	2
283	448	8
283	441	2
284	0	3
284	347	2
284	160	47
284	164	1
284	95	2
284	2	2
284	1	1
284	35	2
284	434	1
284	428	1
284	502	1
285	38	150
285	156	25
285	154	15
285	97	8
285	87	6
285	112	3
285	217	1
285	138	1
285	85	6
285	39	1
285	208	3
285	79	10
285	20	5
285	132	1
286	5	1
286	385	7
286	407	4
286	275	11
286	357	5
286	358	13
286	3	76
286	451	9
286	288	43
286	0	2
286	251	6
286	353	3
286	382	4
286	123	7
286	309	3
286	349	8
286	362	2
286	282	3
286	476	9
286	340	21
286	53	1
286	8	1
286	312	2
286	243	12
286	490	3
286	2	1
286	219	2
286	43	3
286	556	1
286	455	6
286	183	1
286	601	3
286	398	1
286	428	2
286	109	2
286	608	2
286	295	1
287	142	1
287	202	1
287	46	2
287	359	1
287	337	3
287	455	1
287	599	8
287	103	1
287	623	1
288	81	1
288	289	1
288	174	1
288	3	4
288	115	1
288	205	1
288	16	1
288	163	1
288	107	1
289	52	1
289	288	3
289	303	3
289	476	2
289	348	1
289	290	2
289	436	8
289	352	8
289	566	2
28	35	2
28	49	11
28	58	1
28	20	3
28	0	26
28	164	1
28	186	1
28	154	1
28	305	5
28	48	8
290	400	3
290	441	4
290	442	3
290	450	3
290	464	7
290	424	3
290	440	4
290	297	4
290	396	4
290	525	1
290	530	2
290	399	3
290	461	2
290	402	4
290	511	1
290	543	1
290	401	2
290	509	1
290	542	1
291	50	20
291	55	3
291	19	7
291	31	1
291	20	21
291	167	19
291	173	4
291	176	1
291	141	5
291	186	1
291	423	4
292	400	1
292	396	8
292	448	5
292	401	12
292	399	2
292	495	2
292	492	2
292	499	1
292	440	6
292	395	5
292	508	1
292	444	4
293	401	277
293	438	3
293	400	7
293	440	3
293	483	1
293	528	3
293	488	19
293	459	38
293	628	1
294	111	5
294	20	8
294	304	5
294	22	3
294	454	1
294	359	1
294	428	2
294	288	7
294	346	1
294	48	3
294	282	1
294	415	1
294	34	1
295	0	241
295	434	3
295	376	2
295	413	3
295	406	1
295	35	2
295	152	2
295	147	8
295	203	5
295	197	5
295	55	4
295	468	2
295	24	22
296	3	27
296	2	9
296	6	5
296	0	1
296	295	2
296	385	1
296	364	3
296	308	1
296	370	1
296	417	2
297	364	43
297	462	17
297	244	10
297	43	2
297	491	11
297	428	8
297	308	9
297	376	5
297	407	3
297	385	2
297	94	3
297	416	1
297	404	10
297	490	13
297	60	26
297	527	3
297	507	2
297	275	17
297	3	54
297	546	8
297	503	3
297	258	3
297	411	1
297	288	1
297	556	8
297	292	1
297	392	2
297	309	2
297	243	1
297	590	1
297	357	2
297	287	1
297	454	2
297	338	1
297	505	2
298	3	11
298	358	3
298	0	5
298	348	2
298	16	12
298	205	4
298	237	2
298	295	4
298	96	2
298	148	3
298	168	2
298	261	2
298	428	8
298	503	1
298	292	6
298	540	17
298	417	13
298	538	6
298	340	7
298	409	1
298	557	3
298	243	1
298	362	9
298	101	6
298	347	3
298	103	4
298	20	1
298	22	2
298	454	3
298	556	3
298	53	11
298	75	2
298	170	1
298	146	3
298	228	2
298	432	5
298	604	3
298	485	2
298	385	10
298	420	2
298	147	16
298	152	3
298	365	2
298	284	4
298	32	3
298	376	3
298	315	2
298	379	3
299	396	3
299	444	3
299	466	9
299	469	11
299	317	8
299	487	1
299	400	3
299	475	1
299	678	4
299	646	1
299	650	2
299	669	1
299	640	2
299	648	3
29	3	15
29	56	6
29	73	1
29	16	28
29	0	4
29	285	2
29	20	10
29	287	1
29	183	16
29	360	5
29	281	1
29	24	3
29	71	1
29	347	1
29	454	7
29	288	14
29	428	14
29	506	1
29	357	1
29	94	1
2	3	30
2	0	7
2	53	18
2	43	11
2	65	8
2	60	3
2	94	5
2	124	7
2	123	9
2	1	1
2	205	13
2	30	3
2	243	2
2	5	1
2	160	1
2	20	2
2	14	2
2	183	20
2	81	1
2	293	8
2	309	13
2	312	1
2	350	2
2	171	1
2	292	1
2	364	4
2	362	3
2	349	7
2	356	6
2	340	3
2	411	4
2	417	5
2	403	1
2	382	1
2	295	7
2	506	1
2	314	1
2	280	2
2	507	2
2	282	1
2	381	1
2	455	2
2	374	1
2	199	2
2	244	4
2	275	3
2	416	1
2	432	3
2	274	1
2	462	3
2	491	7
2	428	2
2	145	1
2	577	5
2	578	2
2	584	1
2	580	2
2	575	1
2	573	1
300	446	1
300	0	906
300	428	10
300	68	7
300	126	3
300	131	294
300	41	30
300	73	80
300	205	38
300	11	8
300	76	17
300	217	42
300	260	3
300	566	5
300	237	2
300	3	6
300	146	4
300	588	11
301	196	21
301	461	1
301	81	1
301	42	4
301	107	1
301	20	1
301	97	2
301	418	1
301	194	1
301	26	1
302	387	4
302	335	2
302	347	1
302	447	4
302	501	2
302	477	2
302	480	1
302	505	3
302	390	1
302	519	2
303	145	29
303	268	3
303	238	2
303	80	1
303	216	3
303	387	6
303	539	2
303	550	7
303	248	1
303	337	2
303	329	2
303	493	1
303	584	3
304	3	25
304	258	1
304	364	8
304	408	1
304	244	1
304	556	1
304	545	1
304	446	1
304	293	1
304	462	2
304	376	1
305	396	1
305	514	1
305	453	5
305	317	1
305	636	1
305	483	1
305	656	1
305	647	1
305	708	2
305	665	1
305	400	10
306	0	57
306	301	2
306	124	2
306	81	2
306	3	1
306	4	1
306	205	1
306	1	3
306	35	1
306	347	1
306	39	2
306	121	3
307	0	31
307	205	4
307	2	2
307	50	1
307	145	1
307	211	2
307	1	1
307	114	4
307	105	1
307	112	5
308	470	40
308	475	12
308	317	24
308	401	1
308	487	3
308	419	3
308	508	5
308	513	1
308	453	1
308	619	1
308	630	1
308	632	2
308	688	6
308	641	2
309	472	2
309	400	62
309	487	2
309	453	1
309	592	1
309	525	5
309	396	1
309	508	1
309	641	8
309	666	1
309	655	3
309	687	37
309	695	1
309	500	64
309	693	6
309	738	1
309	708	1
309	750	1
309	734	2
309	645	4
309	630	4
309	650	1
309	728	1
309	657	3
30	36	39
30	25	10
30	134	10
30	0	5
30	23	1
30	287	6
30	18	1
30	332	3
30	331	4
30	337	9
30	322	1
30	460	3
30	454	1
30	522	2
310	45	37
310	403	6
310	386	2
310	454	41
310	20	4
310	141	2
310	166	24
310	423	3
310	107	1
310	22	11
310	202	1
310	334	1
310	428	3
310	381	4
310	502	3
311	118	6
311	80	10
311	97	5
311	135	2
311	230	4
311	38	9
311	532	4
311	211	1
311	137	1
311	39	2
311	79	6
311	270	3
311	110	6
311	161	2
312	225	2
312	323	2
312	337	2
312	354	1
312	117	1
312	248	1
312	161	1
312	430	1
312	501	2
312	76	8
312	607	7
313	442	13
313	444	3
313	438	9
313	483	15
313	488	2
313	400	1
313	424	5
313	399	14
313	510	18
313	297	1
313	396	1
313	448	4
313	484	1
314	352	24
314	74	6
314	0	21
314	3	3
314	164	1
314	391	21
314	341	1
314	506	5
314	192	2
315	288	9
315	360	2
315	506	1
315	16	48
315	73	4
315	0	15
315	115	1
315	45	4
315	141	1
316	54	1
316	471	7
316	52	3
316	126	4
316	468	1
316	217	7
316	420	2
316	218	1
316	163	2
316	20	4
316	269	1
317	481	2
317	438	1
317	317	5
317	521	1
317	414	1
317	603	11
317	401	1
317	297	1
317	466	1
317	631	1
317	714	1
317	703	2
317	672	1
317	641	1
317	633	2
317	754	1
317	738	1
318	466	19
318	487	2
318	470	1
318	450	1
318	734	2
318	663	1
318	772	2
318	533	1
318	611	1
318	743	2
318	731	1
318	767	1
318	633	1
319	0	8
319	2	1
319	240	1
319	286	3
319	1	1
319	11	1
319	591	1
319	201	1
319	385	1
319	588	1
319	124	1
319	445	1
319	378	1
31	37	73
31	40	1
31	26	1
31	54	1
31	55	3
31	50	1
31	25	9
31	71	1
31	99	1
31	118	1
31	33	1
31	287	3
31	136	1
31	322	1
320	0	11
320	221	1
320	164	7
320	512	1
320	479	2
320	124	1
320	310	4
320	436	3
320	446	1
320	193	2
320	393	7
320	341	1
320	372	1
320	35	5
320	588	13
320	563	2
321	448	2
321	483	6
321	401	4
321	492	13
321	439	2
321	399	34
321	489	1
321	495	1
321	440	27
321	395	2
321	389	5
321	396	25
321	547	1
321	516	1
321	330	12
321	560	1
321	444	2
321	297	1
322	19	1
322	50	1
322	168	1
322	327	2
322	337	5
322	97	2
322	136	1
322	93	1
322	55	1
322	81	2
322	197	6
323	400	2
323	489	17
323	399	5
323	389	3
323	439	2
323	543	1
323	509	1
323	424	1
323	499	2
323	559	2
324	428	4
324	374	2
324	386	8
324	320	1
324	351	2
324	456	1
324	572	1
324	397	3
324	347	1
324	337	1
325	3	1
325	476	3
325	320	1
325	504	2
325	47	1
325	428	1
325	347	1
325	485	3
325	432	2
326	3	11
326	62	1
326	476	6
326	282	1
326	260	1
326	350	1
326	383	1
326	0	1
326	455	2
326	224	2
326	557	1
326	591	1
326	250	3
326	445	1
326	407	2
327	486	2
327	386	3
327	59	3
327	127	1
327	57	1
327	418	1
327	454	2
327	121	1
327	532	1
327	110	1
327	430	1
328	145	1
328	465	4
328	468	3
328	19	1
328	202	4
328	45	2
328	24	1
328	54	1
328	93	1
329	400	5
329	399	4
329	448	2
329	515	4
329	509	1
329	553	13
329	568	3
329	492	3
329	559	10
329	500	3
329	544	2
329	536	6
329	459	2
329	571	2
329	602	1
329	464	1
329	530	1
329	499	2
329	656	4
329	666	6
32	38	173
32	20	1
32	97	87
32	118	1
32	242	2
32	261	24
32	127	3
32	59	23
32	157	1
32	85	6
32	121	1
330	500	36
330	438	21
330	399	11
330	448	14
330	509	6
330	511	4
330	516	1
330	440	4
330	450	1
330	389	2
330	459	5
330	439	1
330	495	1
330	510	1
330	396	8
330	442	3
330	524	2
330	544	3
330	553	5
330	458	4
330	297	2
330	508	6
330	564	1
330	569	5
330	481	1
330	464	1
330	492	1
330	535	1
330	514	1
330	515	6
330	401	2
330	483	2
331	206	69
331	249	1
331	480	4
331	454	3
331	20	13
331	22	6
331	255	2
331	107	3
331	163	2
331	82	3
331	28	4
332	160	2
332	0	6
332	436	2
332	372	9
332	303	1
332	368	1
332	597	3
332	600	1
332	545	1
332	605	3
332	588	1
332	431	1
332	241	1
332	193	1
332	566	5
332	239	5
333	506	6
333	362	2
333	250	4
333	534	1
333	288	1
333	503	1
333	445	5
333	280	1
333	546	2
333	462	1
333	284	2
333	286	2
333	3	2
333	504	2
334	491	2
334	43	4
334	507	4
334	362	17
334	183	1
334	428	6
334	0	1
334	94	1
334	451	1
334	243	2
334	41	2
334	295	1
334	282	3
334	333	1
334	244	1
334	383	1
334	566	2
334	416	1
334	540	3
334	557	3
334	382	2
334	387	1
334	582	4
334	584	1
334	577	1
334	550	1
334	228	2
334	364	13
334	421	4
334	205	3
334	432	1
335	0	15
335	315	67
335	303	7
335	171	6
335	428	4
335	3	10
335	73	10
335	352	8
335	443	2
335	146	19
335	218	1
335	152	2
335	35	2
336	396	108
336	414	5
336	627	4
336	706	1
336	631	1
336	630	4
336	642	1
336	672	2
336	749	5
336	712	1
336	736	3
336	726	2
336	755	1
337	33	572
337	71	10
337	24	115
337	149	24
337	37	13
337	40	4
337	129	20
337	66	10
337	189	1
338	0	17
338	372	7
338	56	30
338	341	3
338	376	4
338	352	2
338	3	31
338	131	6
338	41	9
338	449	1
338	295	1
338	436	1
338	428	7
338	345	6
338	445	2
338	491	2
338	506	2
339	3	64
339	2	312
339	409	2
339	288	10
339	333	5
339	364	3
339	404	1
339	369	5
339	183	3
339	282	6
339	316	3
339	526	3
339	538	2
339	491	3
339	253	4
339	567	3
339	312	1
339	562	4
339	293	3
339	244	4
339	352	1
339	357	1
339	309	1
339	34	4
339	362	4
339	463	4
339	347	2
339	192	1
339	482	2
339	353	1
339	221	1
33	39	16
33	121	4
33	10	1
33	20	8
33	45	4
33	58	2
33	107	1
33	106	3
33	38	2
33	90	5
33	0	2
33	3	3
33	133	2
340	149	202
340	64	21
340	104	2
340	366	48
340	355	10
340	20	7
340	113	1
340	107	1
340	289	1
340	81	6
340	83	71
340	24	3
340	217	2
340	227	2
341	513	2
341	484	96
341	470	7
341	515	2
341	500	38
341	475	2
341	439	2
341	492	1
341	389	1
341	440	1
341	592	1
341	433	1
341	401	1
341	458	3
341	396	9
341	611	18
341	547	2
341	552	1
341	549	1
341	400	3
341	663	1
341	631	3
342	396	3
342	395	16
342	533	1
342	484	1
342	492	1
342	448	1
342	481	1
342	399	1
342	537	1
342	547	1
342	561	1
343	514	1
343	400	2
343	668	12
343	725	3
343	741	3
343	672	1
343	662	5
343	750	1
343	640	3
344	509	1
344	297	1
344	458	3
344	535	1
344	564	1
344	487	2
344	401	46
344	537	17
344	611	3
344	499	1
344	439	2
344	603	2
344	440	1
344	549	1
344	466	1
344	642	1
345	396	4
345	399	1
345	472	92
345	515	3
345	470	2
345	484	2
345	674	1
345	752	4
345	748	2
345	741	2
346	211	3
346	523	2
346	221	80
346	426	1
346	1	1
346	347	1
346	359	1
346	303	1
346	94	1
346	416	1
346	593	4
346	160	3
346	587	8
346	428	2
347	2	1
347	286	3
347	0	20
347	315	1
347	431	2
347	6	2
347	20	1
347	240	1
347	124	1
347	115	1
347	253	1
347	143	1
347	491	1
348	124	1
348	288	2
348	372	2
348	428	1
348	412	8
348	65	2
348	224	1
348	342	1
348	34	1
348	579	1
348	209	2
348	393	1
348	0	5
348	3	2
349	148	85
349	24	2
349	202	1
349	455	1
349	428	2
349	494	4
349	210	2
349	42	1
349	37	2
34	3	99
34	94	7
34	108	6
34	30	12
34	109	3
34	43	10
34	165	3
34	53	10
34	362	1
34	405	13
34	199	4
34	358	7
34	432	1
34	333	1
34	451	5
34	60	3
34	491	4
34	382	2
34	427	1
34	417	1
34	282	5
34	416	4
34	364	9
34	183	2
34	490	1
34	527	5
34	350	1
34	526	3
34	557	5
34	16	1
34	540	1
34	556	1
34	293	1
34	546	1
350	524	1
350	442	9
350	400	3
350	551	11
350	536	1
350	458	2
350	396	3
350	401	1
350	483	1
350	448	1
350	297	1
350	508	1
350	732	1
350	662	3
350	653	1
350	725	2
350	743	3
350	713	2
351	293	8
351	94	6
351	443	2
351	315	38
351	345	2
351	421	4
351	119	2
351	100	2
351	288	3
351	527	9
351	382	1
351	260	1
351	436	1
351	0	2
351	205	3
351	409	1
351	371	2
351	412	24
351	408	1
351	362	4
351	244	1
351	282	1
351	416	2
351	476	19
351	332	2
351	337	7
351	428	6
351	338	4
351	577	3
351	576	2
351	575	4
351	585	18
351	578	3
351	550	3
351	263	1
351	579	2
351	584	2
351	355	1
351	573	1
351	586	1
351	41	2
351	546	2
351	462	2
351	591	1
351	422	1
351	526	2
351	364	3
351	374	9
352	149	13
352	37	2
352	40	8
352	64	3
352	113	2
352	63	1
352	9	1
352	133	2
352	33	1
352	24	6
352	217	9
353	450	13
353	509	13
353	444	21
353	459	35
353	297	10
353	399	12
353	528	11
353	483	2
353	389	5
353	458	6
353	492	3
353	481	2
353	442	5
353	401	3
353	524	88
353	440	3
353	484	6
353	508	105
353	510	2
354	368	2
354	431	2
354	124	1
354	241	1
354	474	3
354	288	2
354	286	1
354	416	3
354	446	2
354	260	1
354	347	2
354	503	1
354	563	1
354	0	28
354	41	1
354	53	1
354	517	16
354	566	1
354	264	1
354	512	1
354	436	1
354	490	1
354	546	1
354	380	1
354	165	5
354	305	3
354	367	1
354	250	1
354	301	1
354	443	1
354	599	1
355	516	53
355	509	8
355	524	1
355	400	9
355	499	1
355	396	9
355	569	2
355	596	1
355	559	1
355	459	1
355	481	1
355	483	1
355	444	1
355	620	1
356	499	88
356	389	3
356	414	5
356	492	1
356	145	5
356	106	2
356	133	2
356	0	3
356	14	2
356	20	9
356	24	8
356	372	3
356	317	7
356	575	9
356	475	6
356	419	5
356	614	1
356	466	1
356	79	2
356	632	1
356	630	4
356	638	3
356	649	1
356	693	2
356	699	2
356	700	5
356	717	5
356	400	6
356	758	1
357	245	1
357	288	3
357	146	1
357	160	1
357	144	2
357	305	1
357	372	1
357	434	1
357	393	1
357	119	1
357	239	1
358	38	16
358	532	1
358	242	7
358	386	15
358	351	2
358	493	6
358	97	1
358	61	3
358	87	2
358	57	3
358	447	4
359	535	1
359	399	4
359	396	2
359	395	1
359	442	7
359	541	1
359	475	1
359	673	2
359	671	4
359	650	1
359	656	3
35	44	873
35	206	6
35	265	5
35	429	1
35	159	3
35	420	3
35	0	5
35	468	4
35	202	1
35	319	6
35	24	30
35	64	7
35	40	3
35	99	1
360	430	1
360	220	2
360	97	3
360	38	7
360	154	9
360	325	1
360	72	6
360	112	2
360	204	1
360	156	2
360	79	1
361	510	5
361	459	7
361	433	1
361	395	2
361	464	5
361	396	7
361	401	1
361	389	1
361	499	1
362	499	13
362	399	2
362	396	2
362	492	3
362	536	2
362	401	1
362	414	1
362	549	4
362	668	4
362	649	3
362	693	1
362	751	5
362	648	1
363	337	40
363	323	3
363	168	1
363	329	7
363	467	11
363	204	2
363	607	6
363	82	4
363	390	4
363	480	3
363	242	1
363	135	1
363	351	1
364	537	2
364	475	1
364	552	1
364	521	7
364	554	1
364	439	2
364	548	1
364	317	1
364	613	2
365	17	91
365	167	3
365	428	25
365	35	19
365	491	13
365	292	2
365	314	1
365	0	1
365	452	10
365	337	16
365	332	12
365	39	16
365	74	2
365	131	1
365	237	2
365	217	2
365	269	1
365	20	27
365	454	2
365	590	2
365	53	1
365	318	7
366	483	2
366	389	1
366	458	4
366	424	10
366	492	1
366	396	2
366	317	1
366	524	1
366	401	2
367	396	5
367	554	1
367	521	1
367	469	1
367	508	7
367	489	1
367	559	2
367	401	3
367	297	3
367	547	5
367	492	3
367	514	1
367	499	4
367	389	6
367	399	3
367	438	1
367	571	2
367	433	2
367	543	1
367	561	1
367	495	1
367	448	1
367	481	1
367	475	3
367	552	4
367	636	1
367	632	3
367	647	3
367	685	1
367	631	1
367	630	4
367	706	1
367	689	3
367	740	5
367	725	20
368	301	1
368	11	1
368	288	1
368	382	1
368	416	2
368	3	1
368	0	3
368	408	1
368	540	1
368	309	1
368	428	1
368	387	1
368	577	2
368	582	4
368	578	1
368	584	1
368	580	1
368	575	1
368	462	1
369	197	16
369	117	1
369	180	3
369	175	1
369	198	3
369	188	2
369	27	1
369	26	2
369	203	10
369	354	1
369	248	4
36	3	148
36	94	7
36	35	1
36	147	6
36	130	2
36	109	3
36	0	7
36	30	8
36	251	2
36	244	2
36	356	1
36	14	2
36	336	2
36	84	9
36	58	1
36	45	1
36	46	3
36	350	6
36	53	3
36	349	1
370	399	118
370	440	19
370	570	191
370	488	1
370	495	1
370	499	1
370	464	5
370	571	1
370	444	3
370	458	7
370	396	2
370	510	7
370	459	3
370	633	10
371	396	1
371	400	6
371	414	1
371	656	1
371	630	1
371	629	1
371	665	2
371	631	3
371	646	2
371	642	1
371	749	4
371	668	2
371	719	3
371	766	3
372	310	1
372	193	1
372	338	1
372	182	1
372	410	1
372	48	1
372	0	3
372	152	2
372	254	1
372	393	1
373	542	146
373	450	14
373	560	13
373	438	2
373	528	1
373	509	3
373	459	6
373	399	1
373	396	4
373	544	1
373	558	1
373	524	1
373	330	1
373	297	1
373	733	2
373	620	5
373	785	4
373	669	1
374	400	6
374	396	1
374	439	12
374	442	27
374	536	4
374	499	2
374	535	1
374	492	2
374	561	1
374	395	2
374	401	1
374	438	1
374	483	1
374	672	13
374	684	1
374	642	1
375	508	19
375	396	1
375	489	1
375	492	7
375	568	2
375	395	1
375	547	2
375	444	1
375	533	1
375	640	2
375	651	1
376	496	4
376	351	9
376	531	1
376	387	11
376	580	1
376	480	10
376	329	4
376	467	5
376	477	7
376	471	7
376	456	9
376	428	5
376	234	1
376	377	2
376	3	4
376	128	3
376	247	2
376	379	2
376	454	8
377	487	13
377	453	4
377	470	60
377	475	4
377	317	37
377	581	2
377	552	3
377	419	1
377	613	20
377	619	10
377	466	2
377	688	24
377	697	2
377	592	11
377	722	1
377	734	2
377	660	1
377	620	11
377	779	2
377	712	1
377	735	4
377	768	1
378	51	12
378	117	5
378	148	2
378	203	2
378	31	3
378	133	2
378	197	9
378	19	9
378	248	2
379	307	1
379	184	1
379	133	2
379	44	1
379	429	1
379	75	1
379	202	1
379	120	1
379	188	1
379	203	2
37	0	4
37	3	3
37	504	9
37	491	4
37	144	1
37	214	1
37	310	1
37	219	2
37	409	1
37	301	1
37	490	1
37	143	1
37	451	1
37	379	1
37	538	1
37	416	1
37	526	1
37	43	1
37	364	1
37	555	1
37	272	5
37	463	1
380	351	1
380	386	2
380	195	3
380	473	1
380	215	1
380	278	2
380	68	3
380	501	6
380	390	2
380	70	3
380	77	1
380	118	1
380	531	1
381	94	14
381	345	4
381	192	2
381	288	5
381	383	1
381	391	1
381	369	3
381	428	19
381	387	3
381	145	4
381	575	25
381	539	5
381	577	7
381	579	1
381	585	2
381	164	129
381	151	9
381	0	450
381	7	4
381	41	5
381	73	4
381	95	9
381	62	2
381	2	5
381	56	7
381	160	11
381	171	8
381	3	13
381	254	4
381	203	1
381	197	1
381	180	3
381	49	6
382	288	4
382	305	1
382	517	3
382	348	1
382	144	1
382	201	1
382	236	2
382	380	3
382	512	3
382	425	1
382	338	2
383	12	1
383	395	2
383	396	597
383	581	72
383	508	1
383	458	1
383	470	2
383	613	1
383	400	2
383	634	1
383	655	1
383	630	2
383	637	2
383	715	8
383	688	3
383	631	1
384	0	25
384	347	8
384	19	23
384	289	1
384	351	4
384	428	2
384	24	4
384	42	1
384	311	2
384	50	14
384	55	5
384	359	1
384	454	1
385	492	5
385	508	7
385	396	9
385	565	1
385	511	1
385	459	1
385	399	2
385	297	2
385	395	1
385	701	1
385	630	16
385	636	12
385	680	3
385	648	14
385	670	8
385	637	3
385	629	1
385	724	2
385	730	1
385	743	26
385	400	5
385	736	6
386	253	1
386	2	135
386	3	5
386	11	3
386	111	4
386	465	1
386	212	2
386	428	2
386	308	1
386	445	5
386	47	3
387	0	271
387	143	1
387	35	1
387	376	1
387	3	6
387	449	3
387	338	9
387	526	1
387	379	6
387	415	7
387	479	3
387	48	2
387	410	1
387	250	4
387	284	2
387	128	3
387	252	5
387	563	1
387	591	1
387	422	1
387	367	1
387	593	4
387	463	3
387	144	1
387	443	1
387	353	1
388	492	13
388	558	3
388	547	1
388	395	2
388	528	2
388	401	1
388	536	1
388	396	1
388	400	2
388	533	1
388	549	13
388	603	1
388	548	1
388	663	5
388	649	7
388	651	1
388	692	1
388	634	3
388	677	2
388	700	18
389	20	66
389	96	62
389	158	6
389	45	10
389	141	2
389	24	38
389	168	8
389	136	10
389	140	2
389	98	4
389	149	2
389	261	2
389	129	4
389	225	4
389	21	22
389	19	43
389	202	16
389	38	10
389	14	2
389	51	2
389	133	16
389	83	18
389	204	6
389	71	8
389	217	96
389	177	24
389	59	4
389	37	60
389	76	2
389	12	8
389	117	26
389	88	4
389	148	32
389	423	4
389	81	52
389	57	6
389	29	2
389	26	2
389	139	40
389	42	16
389	366	2
389	161	8
389	102	8
389	435	4
38	1	9
38	43	2
38	0	1
38	119	2
38	2	3
38	171	3
38	193	2
38	94	8
38	190	1
38	3	20
38	233	1
38	10	1
38	491	2
38	363	5
38	205	3
38	562	2
38	253	1
38	41	1
38	314	1
38	604	17
38	557	1
38	360	1
38	445	4
38	110	1
390	264	2
390	555	2
390	478	3
390	191	1
390	250	1
390	305	1
390	415	1
390	411	1
390	567	1
390	529	2
390	301	2
390	517	1
390	463	1
390	363	1
390	347	1
391	395	10
391	481	2
391	500	1
391	492	3
391	533	2
391	547	3
391	568	1
391	499	7
391	495	1
391	508	2
391	489	4
391	450	1
391	438	1
391	440	1
391	458	2
391	536	1
391	551	1
392	400	12
392	396	1
392	399	14
392	401	9
392	395	48
392	565	17
392	544	1
392	492	5
392	547	14
392	510	2
392	489	1
392	508	4
392	524	1
392	442	4
392	525	10
392	564	3
392	535	2
392	561	8
393	269	2
393	178	2
393	319	1
393	473	1
393	180	2
393	197	2
393	203	1
393	158	3
393	307	2
393	52	2
393	170	1
393	68	4
393	212	2
394	396	1
394	401	2
394	541	20
394	613	3
394	208	2
394	429	1
394	521	1
394	629	2
394	635	1
394	631	8
394	769	3
394	679	12
394	773	2
394	440	2
394	726	1
394	705	1
394	703	3
394	787	1
394	788	1
394	719	3
394	770	1
394	786	4
395	433	2
395	528	2
395	536	1
395	499	3
395	492	1
395	396	1
395	399	1
395	560	1
395	594	1
395	663	1
395	730	4
395	648	1
395	644	12
395	629	1
395	723	1
395	640	1
395	753	5
395	638	1
396	319	29
396	81	1
396	217	5
396	158	2
396	359	6
396	57	1
396	38	27
396	63	1
396	347	1
397	3	202
397	164	89
397	0	35
397	41	1
397	211	1
397	104	1
397	114	2
397	428	2
397	56	125
397	35	2
397	221	5
397	151	1
397	130	1
398	140	40
398	38	7
398	242	4
398	230	1
398	122	3
398	118	2
398	70	3
398	86	1
398	44	2
398	430	1
398	61	1
399	3	9
399	0	4
399	53	2
399	165	3
399	182	3
399	545	1
399	595	49
399	589	1
399	567	1
399	411	1
399	260	2
39	48	126
39	299	6
39	291	6
39	175	1
39	133	2
39	204	1
39	118	1
39	106	1
39	97	1
39	136	1
39	137	3
39	90	1
39	79	1
39	278	1
39	117	1
39	354	1
39	145	1
39	0	22
39	155	2
39	376	6
39	96	1
39	174	1
39	177	1
39	148	1
39	429	2
39	261	1
39	249	1
39	205	2
39	303	4
39	313	1
39	428	13
39	73	6
39	254	1
39	180	1
39	93	1
39	24	1
39	20	4
39	12	4
39	14	15
3	3	85
3	98	2
3	136	3
3	227	2
3	91	2
3	10	1
3	20	14
3	255	1
3	0	1
3	289	1
3	56	5
3	154	2
3	76	1
3	428	1
3	68	4
3	205	1
3	45	3
3	455	3
400	3	5
400	540	1
400	244	1
400	364	6
400	375	1
400	451	1
400	527	1
400	256	1
400	604	4
400	347	1
400	609	1
401	505	8
401	332	1
401	39	3
401	387	5
401	388	33
401	539	2
401	576	2
401	355	4
401	584	4
401	575	39
401	263	2
402	560	9
402	514	3
402	530	4
402	559	2
402	568	4
402	495	3
402	399	7
402	444	3
402	459	4
402	440	1
402	492	5
402	499	8
402	448	3
402	297	1
402	508	7
402	389	4
402	511	5
402	569	3
402	464	5
402	537	1
402	547	9
402	396	2
403	0	90
403	153	1
403	374	2
403	593	1
403	165	2
403	406	1
403	301	1
403	378	1
403	305	1
403	545	1
403	428	3
403	266	2
403	384	1
403	588	1
404	77	357
404	70	2
404	140	514
404	61	3
404	38	25
404	97	9
404	112	3
404	29	14
404	45	2
404	156	4
404	86	9
404	118	51
405	85	1
405	174	12
405	457	21
405	496	6
405	447	2
405	323	1
405	456	1
405	497	1
405	200	1
405	477	1
405	454	1
405	615	1
405	460	4
406	0	9
406	11	1
406	41	1
406	305	3
406	310	1
406	526	2
406	191	1
406	394	1
406	301	2
406	606	14
406	479	1
406	428	1
406	346	2
406	410	1
406	391	1
407	8	381
407	372	1
407	338	8
407	574	1
407	0	33
407	415	4
407	394	28
407	286	23
407	34	7
407	428	21
407	454	8
407	20	3
407	598	8
407	288	6
407	165	6
407	235	17
407	7	2
407	383	7
407	192	4
407	193	4
407	610	2
407	245	6
407	606	2
407	205	1
407	237	1
407	126	3
407	259	1
407	170	1
407	75	1
407	162	1
407	384	1
407	339	4
407	422	4
407	328	1
407	476	6
407	41	1
407	250	5
407	301	2
407	566	2
407	315	5
408	396	12
408	400	3
408	395	2
408	549	1
408	552	1
408	444	7
408	547	7
408	489	4
408	524	20
408	399	32
408	492	7
408	568	3
408	571	1
408	559	5
408	442	2
408	439	1
408	401	6
408	389	2
408	499	3
408	564	2
408	438	2
408	440	4
408	448	3
408	297	2
408	433	1
408	458	1
408	561	1
409	55	2
409	249	2
409	175	3
409	159	1
409	184	1
409	420	1
409	146	2
409	162	1
409	0	2
409	35	2
409	7	2
409	245	2
40	50	6
40	76	2
40	19	6
40	24	2
40	79	1
40	335	1
40	104	1
40	188	1
40	327	3
40	44	1
410	479	2
410	474	2
410	545	2
410	48	1
410	463	1
410	0	16
410	234	2
410	566	5
410	600	2
410	372	3
410	384	1
410	529	3
410	587	1
410	393	1
411	499	31
411	489	1
411	510	2
411	560	1
411	558	1
411	395	5
411	401	1
411	396	1
411	664	21
412	396	5
412	648	1
412	665	3
412	681	1
412	644	1
412	652	1
412	674	1
412	484	2
412	733	1
412	752	1
412	772	1
412	515	2
413	522	1
413	178	8
413	269	3
413	180	1
413	170	1
413	212	2
413	83	2
413	24	1
413	181	2
413	624	1
413	50	1
413	79	1
413	211	1
413	44	1
413	774	1
413	203	1
413	172	1
413	473	1
414	525	32
414	5	1
414	592	13
414	453	2
414	317	2
414	675	1
414	738	1
414	650	1
414	707	1
415	20	133
415	145	1
415	179	3
415	14	5
415	12	1
415	18	10
415	217	1
415	141	13
415	142	2
415	84	1
415	45	4
416	395	3
416	414	41
416	400	16
416	475	6
416	454	2
416	29	1
416	630	6
416	653	1
416	702	14
416	663	1
416	751	2
416	688	2
417	21	1
417	354	2
417	198	2
417	96	3
417	172	1
417	75	1
417	170	1
417	259	2
417	52	1
417	158	3
417	202	3
417	163	1
418	549	21
418	396	11
418	297	2
418	464	1
418	560	2
418	581	2
418	613	1
418	670	1
418	699	2
418	729	1
418	700	1
418	773	36
418	688	16
418	782	3
418	400	1
418	780	1
419	420	1
419	578	1
419	582	1
419	575	6
419	221	2
419	588	1
419	523	1
419	347	2
419	381	3
419	63	1
41	51	4
41	173	13
41	145	3
41	263	6
41	23	8
41	20	2
41	334	6
41	306	21
41	359	1
41	46	1
41	28	1
41	331	1
41	456	2
41	281	1
41	3	1
41	416	2
41	364	1
41	527	1
41	309	1
41	428	1
41	576	2
420	82	1
420	187	2
420	126	3
420	296	3
420	83	9
420	55	8
420	19	4
420	133	1
420	51	1
420	20	1
420	50	7
421	575	4
421	598	128
421	328	14
421	234	1
421	48	1
421	372	1
421	347	2
421	355	1
421	29	1
421	116	17
421	142	4
421	56	6
421	164	1
421	0	5
421	186	23
421	166	3
421	58	1
421	20	12
421	103	2
421	84	1
421	286	1
421	615	9
421	428	1
421	252	3
421	476	10
421	124	1
421	383	2
421	454	2
422	56	3
422	428	2
422	170	14
422	352	1
422	3	2
422	128	1
422	165	2
422	146	2
422	0	1
423	400	14
423	475	9
423	389	3
423	395	1
423	521	2
423	654	1
423	638	1
423	681	1
423	748	1
423	630	1
423	764	1
424	505	4
424	126	3
424	14	2
424	12	1
424	283	3
424	52	1
424	170	1
424	0	1
424	3	2
425	547	4
425	297	14
425	499	3
425	458	2
425	524	6
425	492	11
425	438	5
425	459	1
425	483	1
425	596	4
425	569	1
425	481	1
426	484	14
426	544	2
426	481	1
426	440	2
426	450	13
426	297	2
426	571	2
426	499	5
426	396	14
426	389	1
426	514	1
426	399	1
426	547	4
426	438	1
426	448	2
426	510	4
426	596	5
426	441	8
426	492	1
426	459	6
426	564	1
426	524	3
426	509	10
427	230	25
427	18	1
427	38	3
427	118	1
427	57	7
427	216	1
427	97	2
427	102	1
427	110	1
428	448	2
428	458	3
428	492	1
428	560	1
428	396	8
428	547	4
428	508	1
428	401	1
428	510	1
429	176	43
429	20	30
429	455	3
429	116	51
429	186	3
429	142	3
429	107	2
429	196	1
429	132	2
429	249	5
429	133	5
429	174	1
429	598	127
429	454	2
429	14	4
42	52	5
42	126	12
42	92	1
42	196	6
42	118	3
42	45	1
42	279	1
42	14	2
42	223	1
42	283	2
42	307	1
42	231	6
430	19	1
430	107	1
430	45	6
430	17	1
430	29	2
430	103	1
430	46	2
430	88	1
430	20	2
431	410	1
431	264	1
431	591	5
431	428	2
431	348	2
431	372	5
431	463	3
431	393	3
431	165	11
431	406	3
431	605	5
431	606	6
431	479	7
432	3	19
432	0	1
432	457	2
432	428	2
432	205	1
432	53	1
432	41	1
432	245	1
432	604	1
433	490	8
433	308	24
433	361	10
433	219	3
433	546	1
433	303	108
433	436	65
433	491	26
433	595	3
433	43	5
433	534	3
433	527	2
433	237	2
433	589	3
433	557	3
433	427	11
433	520	16
433	393	2
433	432	1
433	604	2
433	540	2
433	428	9
433	593	2
433	590	3
433	275	6
433	101	1
433	193	1
433	600	7
433	503	2
433	605	2
433	445	17
433	382	5
433	243	1
433	228	2
433	183	1
433	338	1
433	190	1
433	526	1
433	599	1
433	588	7
434	400	4
434	297	1
434	541	2
434	537	1
434	630	3
434	632	5
434	678	5
434	709	1
434	647	1
434	641	1
434	724	1
434	759	3
434	672	2
434	733	1
434	687	1
434	726	3
434	651	1
434	633	6
435	533	3
435	396	4
435	530	1
435	438	1
435	389	7
435	459	4
435	543	5
435	399	2
435	297	6
435	571	1
435	514	2
435	442	1
435	510	2
436	396	2
436	395	9
436	508	4
436	547	5
436	438	7
436	297	1
436	530	1
436	401	1
436	458	3
436	448	3
437	571	1
437	678	21
437	631	1
437	654	18
437	646	4
437	741	3
437	627	7
437	754	5
437	650	1
438	400	3
438	459	14
438	458	5
438	509	2
438	444	1
438	401	1
438	396	6
438	510	5
438	297	2
438	399	2
438	450	1
439	509	23
439	524	1
439	440	33
439	396	2
439	438	1
439	399	7
439	448	3
439	458	1
439	492	1
439	484	2
43	56	58
43	69	13
43	147	10
43	209	2
43	171	1
43	1	4
43	0	24
43	164	3
43	35	1
43	2	1
43	119	8
440	400	4
440	396	16
440	516	33
440	389	1
440	401	100
440	444	4
440	459	2
440	438	3
440	450	1
440	510	1
440	514	1
440	543	1
440	547	1
440	667	2
440	669	1
440	684	2
440	632	5
440	631	2
441	166	297
441	116	249
441	423	40
441	107	2
441	132	12
441	167	5
441	186	22
441	20	19
441	58	1
441	103	6
442	509	1
442	581	2
442	708	1
442	400	2
442	630	2
442	665	4
442	675	1
442	631	1
442	781	1
442	648	1
443	547	52
443	399	13
443	565	7
443	511	1
443	438	2
443	508	2
443	560	2
443	495	10
443	401	3
443	444	2
443	543	1
443	396	1
443	559	3
443	499	2
444	396	6
444	458	2
444	459	1
444	499	1
444	402	2
444	20	2
444	399	2
444	558	1
444	297	1
445	396	4
445	442	18
445	524	1
445	401	5
445	484	1
445	395	2
445	551	9
445	514	1
445	508	1
446	3	24
446	357	2
446	503	6
446	284	5
446	1	2
446	604	5
446	308	2
446	540	2
446	353	7
446	608	2
446	609	3
446	53	2
446	364	2
447	400	5
447	537	1
447	489	39
447	396	10
447	495	2
447	440	6
447	399	2
447	442	5
447	439	1
447	499	3
447	492	3
448	236	5
448	368	1
448	288	3
448	373	3
448	517	2
448	201	1
448	426	2
448	512	3
448	165	2
448	612	2
448	260	3
449	396	14
449	395	2
449	543	15
449	399	3
449	492	9
449	448	2
449	568	1
449	547	3
449	459	1
449	401	1
449	510	1
44	3	17
44	108	3
44	109	1
44	331	1
44	362	2
44	315	3
44	275	1
44	53	2
44	340	1
44	534	1
44	417	2
450	400	4
450	495	3
450	395	3
450	399	40
450	492	14
450	442	3
450	560	2
450	565	1
450	561	3
450	499	5
450	511	6
450	568	11
450	396	4
450	571	2
450	559	1
450	547	7
450	401	3
450	596	1
450	514	2
450	544	1
451	396	1
451	508	4
451	401	4
451	484	7
451	514	1
451	458	1
451	782	3
451	672	1
451	627	1
451	771	1
451	761	2
452	458	4
452	511	1
452	438	1
452	499	2
452	492	1
452	558	2
452	399	1
452	396	2
452	508	1
452	469	1
452	637	5
452	652	2
452	771	2
452	742	1
453	3	276
453	43	1
453	165	1
453	308	1
453	47	1
453	228	2
453	0	88
453	2	2
453	428	2
453	423	2
453	20	37
453	128	1
453	111	2
453	160	1
454	553	8
454	568	24
454	396	11
454	401	3
454	444	2
454	489	2
454	508	2
454	524	5
454	389	5
454	571	2
454	438	2
454	560	1
454	499	1
454	483	2
454	492	1
455	284	3
455	261	4
455	429	16
455	168	1
455	133	1
455	347	4
455	425	2
455	593	2
455	252	2
455	374	1
455	3	1
456	289	2
456	141	1
456	428	5
456	81	1
456	339	2
456	502	2
456	519	10
456	457	1
456	607	3
456	329	2
456	248	2
456	117	1
456	390	1
456	351	1
457	178	11
457	24	17
457	83	12
457	319	2
457	289	4
457	325	3
457	139	4
457	296	3
457	78	1
457	99	1
458	433	6
458	551	4
458	515	5
458	508	1
458	499	2
458	484	1
458	395	3
458	389	3
458	396	6
459	547	3
459	396	11
459	619	4
459	642	1
459	632	1
459	675	2
459	400	2
459	770	1
459	686	1
459	728	1
45	3	1
45	12	1
45	8	2
45	53	1
45	190	1
45	14	3
45	403	2
45	333	2
45	356	2
45	0	2
45	347	2
45	72	5
45	456	2
45	39	3
460	396	1
460	581	15
460	414	1
460	454	1
460	637	1
460	665	7
460	680	3
460	644	1
460	651	1
460	630	1
460	681	5
460	631	2
460	679	5
460	708	11
460	646	3
460	684	1
460	693	1
460	717	4
460	611	2
460	719	10
460	726	1
460	729	2
460	648	1
460	727	2
460	757	3
460	669	2
460	751	1
461	440	1
461	492	2
461	297	2
461	654	9
461	631	1
461	675	2
461	630	6
461	754	39
461	646	5
461	727	1
461	400	7
461	738	2
461	758	1
461	650	2
462	0	23
462	3	5
462	221	15
462	115	1
462	165	5
462	95	1
462	563	3
462	428	2
462	591	7
462	160	11
462	343	5
462	11	1
462	720	12
462	2	1
462	6	1
462	394	3
463	547	15
463	396	1
463	395	1
463	630	4
463	640	4
463	641	1
463	650	1
463	646	1
463	400	14
463	731	5
463	726	3
463	730	2
463	737	11
463	701	4
463	651	1
463	728	1
463	779	3
463	785	1
463	740	2
463	699	3
463	748	1
463	521	2
463	764	1
463	787	1
464	499	4
464	492	10
464	424	3
464	559	4
464	568	3
464	524	3
464	399	4
464	537	1
464	535	1
465	598	441
465	587	7
465	428	8
465	452	9
465	454	12
465	46	1
465	328	3
465	141	1
465	17	5
465	20	2
465	14	1
465	133	1
465	21	1
465	18	1
465	186	5
465	24	1
465	0	2
465	774	1
466	453	21
466	541	2
466	470	1
466	454	4
466	419	1
466	45	1
466	672	2
466	648	1
466	620	1
466	29	2
467	317	20
467	549	9
467	400	2
467	487	3
467	622	2
467	613	2
467	513	3
467	642	1
467	688	4
467	705	7
467	729	4
467	698	3
467	20	1
467	722	8
467	704	2
468	159	7
468	202	19
468	217	3
468	203	1
468	180	2
468	197	1
468	269	8
468	21	4
468	262	6
469	524	12
469	544	3
469	459	16
469	508	3
469	560	2
469	297	6
469	492	4
469	528	6
469	481	6
469	509	7
469	450	10
469	458	3
469	444	3
469	399	5
469	533	2
469	547	2
469	438	4
469	510	2
46	3	238
46	60	2
46	101	10
46	111	68
46	30	9
46	0	27
46	56	3
46	171	2
46	62	98
46	2	22
46	6	2
46	251	3
46	108	1
46	324	2
46	353	5
46	432	2
46	235	2
46	490	1
46	16	43
470	565	1
470	537	81
470	525	1
470	592	3
470	672	1
470	696	9
470	763	1
470	664	1
470	736	1
470	735	2
470	673	1
470	648	1
470	622	1
471	603	7
471	551	1
471	400	45
471	396	14
471	554	4
471	645	3
471	651	9
471	632	3
471	668	68
471	666	7
471	642	2
471	628	1
471	649	1
471	646	3
471	630	7
471	636	16
471	675	2
471	657	6
471	685	1
471	637	1
471	706	2
471	701	1
471	650	1
471	672	10
471	728	6
471	724	3
471	743	19
471	751	10
472	395	2
472	400	3
472	448	4
472	466	2
472	541	1
472	453	1
472	396	4
472	542	1
472	399	3
472	688	2
473	508	8
473	551	2
473	553	8
473	489	7
473	442	8
473	395	8
473	514	7
473	561	4
473	511	1
473	602	2
473	543	6
473	536	2
473	401	2
473	515	4
473	547	4
473	542	1
473	450	2
473	438	1
473	458	3
473	509	3
474	0	12
474	151	2
474	221	8
474	428	13
474	512	1
474	463	2
474	351	2
474	211	1
474	591	3
474	422	3
474	165	3
474	474	1
474	124	2
474	383	1
474	313	1
475	396	1
475	616	3
475	453	3
475	400	1
475	618	1
475	619	7
475	660	1
475	636	2
475	631	1
475	643	1
475	645	3
475	644	1
476	444	63
476	483	1
476	438	4
476	396	6
476	492	2
476	297	2
476	495	3
476	399	1
476	569	13
476	547	1
476	558	1
476	537	1
476	544	4
476	499	4
477	440	45
477	399	141
477	389	8
477	433	6
477	396	31
477	472	1
477	448	7
477	297	2
477	559	1
477	547	5
477	571	11
477	570	1
477	553	1
477	537	11
477	442	6
477	458	2
477	509	1
477	464	1
477	499	2
478	399	21
478	389	9
478	396	15
478	401	60
478	438	2
478	448	6
478	297	2
478	547	1
478	488	3
478	402	1
478	640	12
478	638	1
478	655	2
478	400	14
478	690	2
478	670	11
478	648	4
478	679	2
478	677	7
478	659	6
478	726	2
478	699	5
478	770	9
478	764	2
478	694	2
478	763	2
478	634	3
478	641	24
478	748	3
478	686	1
478	687	3
478	745	4
478	672	1
478	787	3
478	788	1
478	743	2
478	622	8
478	776	5
479	549	18
479	559	19
479	581	1
479	396	77
479	464	8
479	511	5
479	570	8
479	510	2
479	401	2
479	400	2
479	499	3
479	547	1
479	317	1
479	492	1
479	389	1
479	643	50
479	651	1
479	633	1
479	648	15
479	670	5
479	654	1
479	731	2
479	723	4
479	645	2
479	753	1
479	778	4
47	24	2
47	25	3
47	72	2
47	36	13
47	10	1
47	23	2
47	85	1
47	249	3
47	329	7
47	496	1
47	456	4
47	455	3
47	447	4
480	530	54
480	396	12
480	461	4
480	571	1
480	515	2
480	547	1
480	297	4
480	560	3
480	464	3
480	596	1
480	481	1
480	594	1
480	510	3
480	458	3
480	559	1
480	533	3
480	399	6
480	389	5
480	525	4
480	564	1
480	401	1
481	396	1
481	627	18
481	630	2
481	675	2
481	648	1
481	654	1
481	706	1
481	694	2
481	655	1
481	749	3
481	756	1
481	741	1
481	751	4
481	708	1
481	400	1
482	516	37
482	459	4
482	396	11
482	448	1
482	438	8
482	481	1
482	458	4
482	510	4
482	524	2
482	484	3
482	542	2
482	297	5
482	441	5
482	509	4
482	508	1
482	450	2
483	230	21
483	70	239
483	418	2
483	271	5
483	216	6
483	493	1
483	242	1
483	80	1
483	220	5
483	57	6
483	386	3
483	157	2
483	90	1
484	561	1
484	424	34
484	459	1
484	396	12
484	399	2
484	509	2
484	400	8
484	439	1
484	547	3
484	515	2
484	500	2
484	508	1
484	20	1
484	395	34
484	499	10
484	483	5
484	537	1
484	489	7
484	464	1
484	543	5
484	401	3
485	537	10
485	489	8
485	396	4
485	543	8
485	514	10
485	389	3
485	515	2
485	500	1
485	524	1
485	547	3
485	399	3
485	448	1
485	499	1
485	516	1
485	495	1
485	530	2
485	559	1
485	511	2
485	469	1
486	61	1
486	70	40
486	230	31
486	430	1
486	195	5
486	220	2
486	418	1
486	38	9
486	157	1
487	38	1
487	351	22
487	329	2
487	174	2
487	72	1
487	265	1
487	456	2
487	121	1
487	217	1
487	44	2
487	118	3
487	493	1
487	133	1
488	458	6
488	499	1
488	396	2
488	631	3
488	646	2
488	679	4
488	400	28
488	684	3
488	651	7
488	399	4
488	627	2
488	638	4
488	652	1
488	740	1
488	655	4
488	730	1
488	742	1
489	515	1
489	330	1
489	461	1
489	629	1
489	641	1
489	400	12
489	627	4
489	674	2
489	631	1
489	638	4
489	684	5
489	667	5
489	656	11
489	664	1
489	765	5
489	702	2
489	723	2
489	396	2
489	699	2
489	731	9
489	651	1
489	751	5
489	749	1
489	675	1
48	57	4
48	80	818
48	215	59
48	90	8
48	156	8
48	122	1
48	110	4
48	20	49
48	107	1
48	79	11
490	400	2
490	667	4
490	630	15
490	747	2
490	637	3
490	674	1
490	703	1
490	733	1
490	725	1
490	644	3
490	749	5
490	751	7
490	755	2
491	581	2
491	466	23
491	613	1
491	686	2
491	630	4
491	642	2
491	693	2
491	670	1
491	634	1
491	680	3
491	396	2
491	674	2
491	684	2
491	715	5
491	631	1
491	729	3
491	745	21
491	695	1
491	749	3
491	687	3
491	769	2
491	681	1
491	785	2
491	640	1
492	396	15
492	395	7
492	548	2
492	389	4
492	433	59
492	508	2
492	401	11
492	547	6
492	553	2
492	565	2
492	514	1
492	492	1
492	516	3
493	20	1
493	454	3
493	428	7
493	0	126
493	8	213
493	234	3
493	305	1
493	338	4
493	182	4
493	264	3
493	272	2
493	394	5
493	290	1
493	587	5
493	455	11
493	328	3
493	598	26
493	229	3
493	342	2
493	376	2
493	426	3
493	153	2
493	250	3
493	48	1
493	239	20
493	480	2
493	124	8
493	711	14
493	626	12
493	676	4
493	380	1
493	5	1
493	34	1
493	720	2
493	183	11
494	396	4
494	453	1
494	524	2
494	554	1
494	552	1
494	629	1
494	678	2
494	650	3
494	694	11
494	648	1
494	630	1
494	715	3
494	657	1
494	726	2
494	763	4
494	627	1
494	672	2
494	759	3
494	772	8
494	699	1
494	675	1
494	747	2
494	647	1
494	732	1
495	553	4
495	515	6
495	500	4
495	448	1
495	537	1
495	433	1
495	395	6
495	528	3
495	602	2
495	559	1
495	483	6
495	399	1
495	396	14
495	649	1
495	400	9
495	29	2
496	537	2
496	396	2
496	424	1
496	596	1
496	389	1
496	441	1
496	400	3
496	706	1
496	644	1
496	641	1
496	655	1
496	669	1
497	508	5
497	396	8
497	509	3
497	596	1
497	440	1
497	450	4
497	524	2
497	547	1
497	475	1
497	689	4
497	636	1
497	630	18
497	642	1
497	662	2
497	638	1
497	652	1
498	441	1
498	483	1
498	20	1
498	396	4
498	399	3
498	442	1
498	537	1
498	594	2
498	603	2
498	708	1
498	693	1
499	568	3
499	561	6
499	444	2
499	438	2
499	448	2
499	297	1
499	533	1
499	544	1
499	441	1
499	389	1
499	464	1
499	547	5
499	508	2
49	12	482
49	25	6
49	24	13
49	42	7
49	28	2
49	99	2
49	83	2
49	14	203
49	223	9
49	325	5
49	89	1
4	7	4
4	8	8
4	43	3
4	48	22
4	0	226
4	32	9
4	144	1
4	155	12
4	302	6
4	299	3
4	218	11
4	131	1
4	372	8
4	346	2
4	376	4
4	425	3
4	264	2
4	436	3
4	446	6
4	294	8
4	406	6
4	410	1
4	369	4
4	545	2
4	124	2
4	574	1
4	575	2
4	421	5
4	420	4
4	600	7
500	396	85
500	401	10
500	400	6
500	72	1
500	508	1
500	317	1
500	524	25
500	399	3
500	500	3
500	395	2
500	29	25
500	551	4
500	509	16
500	440	5
500	602	1
500	441	1
500	492	1
500	547	6
500	389	8
500	653	1
500	701	1
500	668	5
501	549	21
501	581	7
501	396	1
501	552	4
501	618	2
501	453	1
501	620	12
501	548	1
501	470	3
501	647	3
501	674	1
501	700	2
501	702	3
501	704	3
501	696	1
501	665	3
501	560	1
501	670	1
501	654	1
501	689	3
501	729	6
502	442	10
502	402	11
502	433	2
502	489	6
502	542	2
502	448	10
502	395	4
502	536	4
502	499	5
502	528	1
503	176	17
503	355	1
503	20	11
503	103	1
503	402	1
503	514	2
503	458	1
503	499	1
503	107	1
503	104	1
503	19	1
504	511	1
504	399	1
504	481	1
504	459	1
504	297	1
504	458	3
504	438	1
504	499	4
504	510	3
504	401	1
504	642	1
505	396	305
505	581	1
505	400	6
505	442	2
505	644	10
505	678	1
505	440	3
505	674	1
505	656	4
505	666	1
505	719	6
505	729	2
505	755	7
505	688	9
505	739	1
505	773	5
505	653	1
505	709	1
506	396	5
506	547	10
506	400	1
506	533	1
506	401	1
506	499	1
506	544	1
506	524	3
506	481	7
506	399	2
506	558	1
506	458	1
506	515	1
506	472	1
506	571	3
506	459	1
506	441	2
506	389	1
506	438	1
506	570	1
507	414	2
507	571	2
507	666	2
507	656	3
507	672	3
507	644	1
507	663	1
507	632	4
507	646	1
507	630	4
507	706	1
507	631	1
507	728	4
507	648	1
507	642	1
507	738	9
507	751	2
507	713	1
508	537	1
508	488	14
508	547	1
508	511	1
508	499	3
508	424	1
508	399	5
508	395	2
508	438	6
508	440	1
508	448	4
508	508	1
508	396	1
508	602	1
508	535	2
508	543	1
509	396	5
509	213	4
509	547	4
509	492	3
509	461	1
509	402	1
509	448	1
509	395	9
509	330	2
50	23	14
50	145	1
50	104	2
50	0	4
50	134	8
50	46	3
50	36	2
50	137	1
50	261	1
50	285	1
50	287	11
50	326	2
50	334	12
50	323	10
50	403	2
50	347	7
50	428	10
50	337	1
50	456	6
50	505	3
50	454	21
50	457	8
510	543	16
510	448	4
510	396	1
510	495	3
510	528	1
510	277	2
510	759	15
510	690	1
510	748	6
510	761	4
510	775	1
510	521	1
510	651	1
510	699	1
511	0	17
511	529	3
511	260	4
511	555	1
511	24	9
511	291	3
511	240	1
511	205	1
511	218	1
512	536	12
512	508	6
512	396	4
512	547	4
512	424	7
512	484	2
512	448	3
512	401	10
512	525	1
512	297	3
513	400	6
513	401	3
513	510	1
513	524	1
513	396	1
513	627	4
513	708	3
513	642	1
513	648	2
513	653	1
513	632	2
513	724	1
513	644	1
513	688	4
513	723	1
513	783	3
514	537	8
514	396	4
514	399	2
514	440	1
514	514	2
514	453	1
514	614	1
514	627	25
514	642	1
514	633	2
514	650	1
514	641	1
514	649	2
514	648	1
514	758	1
514	741	2
514	744	10
514	768	3
515	419	10
515	400	1
515	461	1
515	414	2
515	399	1
515	548	4
515	708	2
515	630	2
515	638	1
515	734	1
515	733	2
515	731	1
515	637	2
515	633	3
516	396	23
516	399	11
516	524	11
516	547	7
516	297	1
516	464	1
516	488	3
516	458	1
516	495	2
516	528	1
516	448	1
516	389	1
516	559	1
516	395	1
516	438	1
516	511	1
516	459	2
516	636	1
517	381	134
517	428	58
517	474	3
517	394	5
517	384	4
517	476	2
517	347	3
517	290	1
517	623	43
517	301	1
517	344	17
518	389	2
518	396	2
518	509	1
518	516	1
518	492	2
518	395	4
518	559	2
518	481	1
518	508	2
518	547	1
518	399	1
518	651	1
518	633	2
519	459	1
519	458	2
519	509	1
519	441	1
519	399	1
519	492	1
519	537	1
519	535	3
519	389	2
51	59	63
51	97	10
51	38	22
51	23	1
51	154	3
51	0	11
51	57	4
51	118	2
51	92	2
520	499	4
520	568	1
520	492	1
520	396	10
520	537	2
520	484	1
520	399	2
520	525	3
520	440	1
520	544	1
520	528	1
521	396	14
521	581	29
521	655	2
521	631	3
521	630	4
521	647	1
521	713	18
521	715	8
521	656	1
521	729	2
521	750	1
521	634	5
522	596	4
522	515	4
522	508	1
522	500	4
522	489	5
522	525	1
522	547	3
522	448	2
522	602	2
522	564	1
522	495	1
522	499	2
522	594	1
522	533	3
522	530	2
522	297	1
522	464	3
523	442	19
523	508	5
523	483	2
523	395	5
523	401	1
523	396	3
523	399	2
523	448	2
523	544	1
523	513	17
524	495	100
524	547	32
524	561	1
524	389	2
524	396	3
524	678	2
524	400	4
524	719	5
524	641	1
524	735	1
524	712	2
524	475	4
524	751	1
524	716	1
524	640	1
525	8	41
525	617	4
525	364	2
525	280	2
525	286	2
525	252	1
525	380	1
525	512	1
525	0	2
525	205	1
525	338	1
525	567	2
525	353	2
525	165	2
525	124	1
526	524	8
526	510	9
526	396	12
526	509	1
526	537	3
526	297	1
526	484	1
526	516	7
526	461	1
526	317	1
526	627	3
526	630	2
526	648	2
526	708	1
526	644	1
526	665	1
526	752	5
526	681	1
526	764	10
526	740	1
526	400	1
526	671	1
526	697	3
526	629	2
526	749	2
527	396	83
527	389	6
527	537	1
527	458	4
527	489	5
527	488	4
527	401	10
527	444	4
527	528	3
527	442	39
527	492	3
527	547	6
527	440	3
527	395	8
527	514	18
527	511	7
527	424	1
527	433	2
527	551	5
527	499	5
527	535	1
527	508	1
527	509	1
527	400	1
527	544	1
527	481	1
527	399	6
527	510	3
527	483	1
527	651	37
528	0	7
528	124	6
528	347	1
528	476	1
528	93	1
528	359	1
528	301	4
528	128	1
528	443	1
528	422	2
528	73	3
528	378	1
528	234	1
529	552	1
529	469	1
529	440	9
529	499	97
529	602	174
529	533	1
529	396	1
529	401	3
529	614	1
52	25	4
52	98	1
52	92	1
52	261	1
52	23	1
52	15	1
52	327	1
52	326	2
52	322	1
52	455	1
52	456	2
52	337	1
52	467	1
52	471	1
52	329	1
52	502	1
52	91	11
52	200	5
530	499	2
530	511	1
530	492	2
530	495	2
530	648	1
530	701	1
530	638	1
530	630	1
530	696	1
531	400	1
531	515	5
531	396	3
531	500	12
531	571	1
531	442	1
531	492	8
531	499	9
531	484	1
531	399	1
532	536	10
532	535	2
532	330	2
532	489	1
532	399	2
532	499	7
532	439	3
532	525	1
532	396	17
532	389	9
532	395	3
532	508	3
532	533	1
533	400	4
533	492	4
533	646	4
533	664	4
533	647	9
533	630	1
533	648	7
533	670	14
533	638	2
533	635	1
533	640	3
533	651	2
533	708	1
533	693	2
534	133	31
534	248	1
534	21	9
534	204	2
534	82	4
534	72	1
534	81	1
534	107	2
534	185	1
535	448	5
535	492	11
535	401	2
535	495	1
535	396	12
535	395	8
535	483	14
535	499	3
535	547	1
535	389	1
535	399	1
535	594	1
535	695	1
536	297	3
536	690	1
536	638	3
536	716	1
536	631	1
536	717	6
536	726	2
536	672	2
536	729	1
536	629	1
536	616	2
536	782	3
536	704	2
536	734	1
536	749	1
536	785	4
536	787	2
536	788	1
536	780	1
536	702	4
536	730	2
536	778	2
536	789	2
536	735	2
536	708	1
536	648	1
537	19	14
537	55	12
537	223	3
537	477	4
537	339	13
537	46	1
537	197	43
537	455	3
537	71	7
537	311	3
537	5	3
537	118	1
537	269	1
537	196	1
538	401	1
538	444	2
538	560	2
538	399	1
538	448	1
538	492	1
538	433	1
538	547	1
538	565	1
538	508	1
538	389	1
538	396	1
538	644	2
538	640	1
538	695	1
539	499	2
539	396	2
539	633	1
539	634	1
539	400	8
539	651	1
539	652	5
539	655	1
539	679	2
539	628	2
539	712	10
539	654	4
539	648	6
539	722	4
53	3	235
53	0	32
53	89	2
53	91	3
53	20	11
53	103	6
53	107	5
53	116	2
53	23	2
53	113	5
53	147	5
53	289	4
53	5	1
540	514	3
540	541	1
540	466	2
540	400	3
540	631	2
540	645	1
540	726	1
540	781	1
540	611	1
540	688	1
541	433	26
541	515	3
541	525	2
541	543	5
541	489	1
541	508	3
541	492	4
541	499	2
541	396	1
541	510	1
541	464	3
541	401	5
542	565	1
542	547	1
542	630	1
542	632	2
542	642	2
542	647	2
542	657	1
542	685	1
542	644	1
542	634	1
542	654	2
543	401	1
543	458	1
543	448	1
543	399	2
543	483	11
543	484	1
543	509	9
543	459	2
543	528	2
544	212	6
544	24	2
544	21	1
544	180	1
544	269	3
544	158	1
544	129	1
544	121	2
544	79	2
544	473	1
544	215	1
544	117	1
544	148	1
544	188	1
545	400	9
545	524	1
545	396	3
545	438	1
545	492	2
545	703	3
545	738	6
545	642	1
545	704	2
545	627	3
546	499	3
546	536	5
546	544	2
546	448	2
546	399	2
546	401	9
546	528	1
546	441	1
546	488	3
546	495	1
546	492	1
546	560	4
546	547	4
546	424	1
546	510	2
546	535	1
547	508	6
547	511	4
547	458	3
547	596	1
547	510	3
547	495	1
547	544	7
547	568	1
547	561	1
547	492	2
547	547	3
548	614	1
548	541	1
548	400	2
548	637	1
548	647	1
548	632	3
548	701	1
548	699	1
548	686	1
549	470	4
549	560	1
549	450	4
549	297	8
549	399	10
549	542	7
549	459	1
549	440	1
549	509	1
549	472	1
549	483	3
549	644	1
549	642	3
549	684	4
549	648	1
549	646	1
549	636	2
549	675	2
549	665	3
549	681	1
549	638	2
549	400	10
549	634	3
549	747	1
549	667	2
549	742	1
549	655	1
54	61	17
54	80	17
54	57	9
54	97	38
54	157	5
54	118	2
54	122	6
54	38	26
54	154	3
550	414	237
550	619	17
550	466	2
550	633	1
550	641	2
550	636	6
550	631	4
550	630	5
550	651	1
550	708	4
550	400	3
550	736	1
550	739	4
550	751	6
550	669	1
550	715	3
550	704	1
550	702	9
550	772	10
550	733	4
550	748	7
550	747	3
550	769	18
550	645	1
550	770	1
550	735	1
550	785	22
551	81	108
551	461	1
551	396	11
551	568	1
551	483	1
551	553	5
551	400	6
551	655	2
551	747	1
552	401	11
552	499	1
552	543	1
552	511	5
552	389	6
552	508	1
552	458	2
552	596	3
552	488	2
552	652	1
552	679	8
553	401	1
553	440	4
553	466	2
553	614	2
553	554	1
553	629	2
553	635	5
553	644	6
553	648	4
553	632	6
553	662	1
553	670	21
553	678	2
553	673	2
554	537	1
554	642	3
554	648	22
554	646	1
554	632	2
554	638	22
554	651	2
554	630	1
554	631	5
554	696	3
554	675	1
554	633	1
554	670	2
554	645	1
554	680	12
554	708	1
554	679	2
554	634	4
554	650	5
554	733	1
554	736	1
554	764	1
554	772	1
554	759	1
554	726	2
554	748	1
555	400	2
555	396	3
555	677	30
555	716	2
555	731	1
555	672	2
555	728	1
555	681	1
555	785	2
555	776	3
555	787	2
556	20	1
556	448	3
556	524	7
556	458	1
556	510	2
556	433	1
556	395	2
556	632	1
556	649	1
556	630	4
556	636	1
556	656	1
556	666	1
556	484	1
556	631	1
556	665	1
557	12	25
557	261	2
557	181	2
557	230	3
557	216	2
557	169	2
557	82	6
557	54	1
557	31	3
557	71	2
557	269	2
557	248	3
557	473	2
557	117	2
557	188	6
557	212	2
557	180	1
557	203	1
557	158	2
557	26	1
557	93	3
557	79	4
557	104	2
557	148	2
557	96	3
557	49	1
557	0	1
557	146	1
557	283	5
557	207	3
557	226	2
557	28	1
557	24	4
557	178	1
557	27	1
557	19	3
557	76	7
557	262	4
557	172	5
557	184	1
557	159	2
557	175	1
557	249	1
557	429	2
557	87	1
557	532	1
557	161	5
557	187	1
557	160	1
558	401	1
558	396	4
558	631	5
558	644	1
558	679	11
558	648	2
558	655	5
558	400	5
558	633	3
558	643	2
558	727	2
558	638	1
558	688	7
558	790	2
559	613	3
559	666	1
559	631	1
559	667	10
559	644	1
559	705	7
559	638	1
559	717	1
559	669	1
559	766	1
559	764	1
559	627	1
559	742	1
559	642	3
559	674	2
559	672	1
559	622	1
559	648	1
559	785	12
559	733	2
559	738	1
559	651	1
55	3	215
55	73	9
55	7	2
55	74	3
55	131	2
55	205	4
55	2	2
55	30	13
55	251	4
55	60	2
55	94	10
55	274	1
55	275	1
55	0	3
55	36	2
55	356	7
55	47	2
55	491	7
55	43	8
55	360	6
55	183	3
55	507	3
55	124	2
55	199	1
55	527	3
55	282	1
55	312	2
55	258	1
55	462	1
55	503	1
55	562	1
55	546	6
55	295	2
55	308	5
560	401	1
560	414	1
560	642	1
560	680	1
560	689	1
560	672	1
560	717	2
560	619	3
560	400	4
560	548	6
560	521	1
561	399	13
561	458	2
561	542	1
561	544	1
561	464	2
561	524	1
561	484	2
561	535	1
561	508	1
561	528	1
561	565	1
561	389	1
561	564	3
562	613	1
562	631	1
562	20	2
562	423	1
562	598	1
562	626	2
562	677	6
562	706	1
562	721	2
562	748	1
562	730	1
563	297	8
563	396	1
563	395	1
563	630	2
563	632	2
563	400	2
563	638	2
563	419	1
563	751	1
563	705	2
563	775	2
564	514	14
564	536	4
564	489	4
564	442	7
564	665	1
564	642	2
564	648	2
564	708	2
564	678	1
564	686	1
564	685	1
565	469	1
565	453	1
565	487	3
565	454	6
565	614	1
565	470	6
565	630	5
565	653	2
565	638	7
565	642	3
565	400	3
565	699	4
565	646	1
565	695	3
565	678	2
565	648	3
565	670	2
565	702	7
565	715	5
565	706	1
565	687	3
565	729	13
565	618	6
565	722	2
565	705	3
565	742	1
566	453	3
566	515	3
566	469	1
566	592	2
566	475	1
566	581	1
566	554	1
566	729	2
566	734	1
566	739	3
566	521	4
567	396	2
567	644	1
567	648	3
567	673	2
567	650	6
567	646	1
567	738	6
567	705	8
567	769	9
567	708	1
567	653	2
567	677	2
567	400	6
567	638	1
567	761	1
567	743	1
567	781	1
567	786	2
567	671	1
568	440	3
568	514	1
568	671	1
568	673	4
568	731	2
568	765	1
568	656	2
568	663	1
568	654	2
568	677	1
569	638	4
569	647	3
569	646	4
569	672	5
569	642	1
569	632	2
569	629	3
569	654	2
569	631	1
569	640	6
569	641	3
569	706	1
569	664	2
569	731	5
569	735	1
569	721	1
569	728	2
569	627	3
569	763	2
569	748	1
569	716	3
569	713	5
569	708	2
569	723	4
569	758	3
569	698	3
569	687	17
569	691	1
569	674	9
569	730	5
56	57	512
56	97	103
56	112	2
56	114	2
56	38	146
56	87	24
56	154	4
56	157	12
56	242	12
56	89	3
56	139	6
56	138	3
56	217	2
56	37	1
56	140	5
56	122	12
56	118	17
56	133	32
56	136	15
56	248	13
570	628	1
570	708	1
570	727	1
570	638	1
570	722	3
570	645	2
570	771	1
570	781	1
570	684	1
571	646	1
571	636	6
571	632	2
571	649	3
571	666	4
571	537	4
571	630	10
571	716	11
571	642	1
571	728	11
571	724	3
571	664	1
571	767	1
571	725	2
571	638	10
571	637	2
571	747	2
571	662	3
571	668	8
571	751	3
571	743	10
571	648	3
571	730	4
571	691	6
572	628	8
572	675	1
572	672	1
572	650	1
572	644	3
572	707	6
572	648	1
572	642	1
572	765	1
572	716	1
572	630	1
572	770	1
572	660	3
573	396	1
573	594	13
573	653	2
573	776	1
573	671	6
573	709	5
573	644	5
573	635	2
573	748	2
573	764	3
573	673	4
573	650	1
573	787	1
574	662	6
574	709	4
574	671	1
574	537	1
574	776	4
574	687	10
574	782	6
574	400	2
574	778	1
574	663	1
574	748	2
574	769	8
574	648	1
574	619	2
574	733	1
574	745	3
575	632	4
575	630	10
575	646	4
575	685	3
575	651	1
575	680	2
575	641	4
575	654	1
575	671	3
575	640	12
575	631	1
575	742	2
575	730	29
575	708	4
575	665	1
575	743	1
576	631	2
576	648	3
576	691	7
576	674	4
576	400	19
576	733	13
576	638	6
576	749	1
576	672	1
576	616	365
576	727	3
576	692	1
576	650	1
577	642	19
577	665	9
577	675	1
577	670	1
577	681	11
577	708	1
577	644	1
577	638	1
577	631	1
577	630	1
578	703	4
578	642	1
578	648	14
578	650	12
578	667	1
578	633	2
578	638	4
578	400	2
578	709	1
578	747	1
578	766	3
578	450	4
578	708	1
579	670	8
579	631	5
579	707	2
579	693	2
579	638	2
579	648	403
579	400	6
579	759	1
579	733	6
579	650	12
579	747	17
579	643	53
579	758	3
579	782	4
579	730	3
579	748	4
579	678	3
579	767	1
579	754	2
579	763	1
579	646	1
579	731	2
579	755	3
579	699	4
579	785	3
579	751	1
57	11	106
57	1	2
57	160	1
57	131	67
57	221	1
57	0	9
57	128	2
57	308	1
57	3	2
57	47	3
57	205	23
57	5	1
57	19	1
57	383	8
57	412	11
57	7	1
57	378	2
57	373	2
57	345	23
57	428	1
57	562	2
57	374	6
57	351	6
57	347	1
580	537	3
580	715	1
580	535	1
580	8	3
580	709	1
580	729	1
580	731	1
580	672	6
580	686	1
580	400	3
580	592	9
580	702	2
580	748	1
580	690	1
580	687	1
580	692	1
580	782	2
580	778	1
580	699	6
581	650	3
581	638	1
581	641	3
581	700	24
581	699	8
581	729	6
581	660	12
581	759	1
581	764	6
581	767	6
581	648	3
581	549	15
581	692	3
581	773	134
581	727	2
581	630	2
581	782	2
581	780	9
581	695	2
581	778	8
581	618	3
581	769	10
581	731	1
581	785	9
581	779	6
581	712	7
581	690	2
581	730	2
581	696	2
581	635	1
581	688	1
582	680	1
582	730	13
582	748	5
582	758	2
582	672	2
582	667	3
582	743	1
582	630	1
582	679	4
582	738	2
583	729	7
583	688	7
583	513	156
583	690	1
583	618	47
583	769	15
583	634	1
583	689	1
583	773	11
583	702	9
583	782	2
583	704	1
583	638	1
583	734	3
583	778	1
583	719	6
583	759	1
583	699	2
583	785	4
583	400	1
583	748	1
583	521	4
583	722	2
583	644	1
583	787	8
583	788	2
583	679	1
584	727	2
584	730	1
584	748	2
584	689	3
584	400	8
584	738	2
584	735	28
584	702	2
584	630	3
584	657	2
584	773	3
584	780	1
584	690	2
584	721	1
584	752	2
585	148	5
585	261	20
585	168	22
585	0	20
585	162	2
585	188	7
585	96	7
585	82	6
585	232	2
585	225	2
585	212	6
585	278	1
585	181	6
585	136	1
585	169	1
585	429	1
585	184	2
585	2	1
585	172	1
585	205	1
585	197	1
585	54	1
585	718	1
585	206	2
585	44	1
585	354	6
585	73	2
585	248	2
585	473	3
585	1	1
585	151	1
585	75	3
585	273	1
585	14	1
585	122	1
586	665	4
586	766	1
586	679	4
586	400	21
586	414	2
586	771	2
586	723	1
586	730	3
586	719	5
586	328	4
586	521	2
586	675	4
586	699	1
586	787	1
586	674	1
586	652	1
586	688	5
586	789	1
586	713	1
586	747	2
586	709	1
587	178	30
587	93	5
587	158	2
587	718	7
587	473	4
587	354	7
587	117	4
587	212	6
587	180	5
587	188	8
587	79	7
587	204	5
587	102	2
587	270	1
587	5	8
587	169	1
587	81	1
587	465	2
587	269	4
587	197	7
588	689	1
588	699	4
588	640	5
588	781	1
588	651	4
588	400	1
588	731	3
588	750	3
588	716	2
588	761	2
588	773	1
588	687	2
588	759	1
589	400	16
589	767	3
589	738	1
589	760	1
589	728	1
589	696	2
589	758	1
589	699	1
589	689	1
589	731	1
589	748	3
589	640	4
589	743	1
589	685	1
58	0	182
58	2	9
58	89	1
58	171	1
58	111	1
58	221	3
58	145	34
58	48	4
58	463	1
58	593	6
58	298	1
58	143	2
58	526	1
58	606	8
58	191	2
58	377	3
58	368	1
58	545	4
590	747	1
590	400	7
590	638	1
590	764	3
590	753	5
590	782	1
590	648	3
590	735	1
590	516	1
590	730	10
590	748	5
591	741	3
591	764	5
591	756	1
591	723	2
591	651	1
591	750	1
591	650	3
591	642	1
591	633	13
591	679	3
591	701	1
591	665	5
591	688	1
591	400	3
591	662	2
591	783	7
591	634	2
591	748	4
591	666	3
591	594	1
591	657	1
591	648	3
591	765	3
591	713	5
592	768	1
592	687	1
592	618	2
592	791	2
592	792	2
592	695	17
592	581	65
592	715	7
592	757	6
592	702	10
592	704	6
592	616	10
592	752	1
592	783	1
592	778	2
592	694	1
592	745	7
593	761	1
593	723	56
593	675	3
593	400	4
593	752	1
593	650	1
593	679	2
593	730	2
593	648	2
593	644	18
593	670	1
594	688	24
594	640	5
594	767	2
594	650	2
594	636	1
594	773	3
594	791	2
594	675	2
594	761	3
594	692	2
594	622	2
594	548	3
595	464	1
595	745	3
595	760	4
595	738	1
595	453	3
595	792	2
595	633	1
595	714	6
595	689	4
595	790	5
595	642	1
595	763	3
595	715	3
595	643	1
595	702	3
595	632	1
595	748	1
595	570	2
596	158	4
596	14	108
596	15	4
596	39	2
596	20	5
596	145	1
596	18	2
596	774	2
596	24	8
596	129	1
596	598	1
596	196	1
596	117	1
597	158	1
597	202	13
597	118	1
597	82	5
597	178	2
597	188	1
597	223	1
597	419	1
597	732	1
597	24	2
597	79	5
597	64	1
597	21	1
597	92	3
597	542	2
597	151	1
598	72	1
598	265	1
598	202	12
598	96	1
598	142	1
598	82	9
598	784	6
598	465	1
598	149	1
598	624	1
598	98	1
598	208	3
598	24	1
599	202	4
599	213	1
599	18	1
599	38	2
599	82	8
599	581	1
599	81	1
599	5	3
599	723	1
599	513	1
599	188	2
59	3	30
59	60	4
59	43	9
59	123	6
59	0	3
59	183	2
59	295	1
59	350	3
59	293	1
59	312	1
59	411	2
5	0	54
5	160	40
5	286	6
5	324	1
5	328	55
5	394	2
5	374	2
5	34	7
5	29	1
5	8	6
5	288	20
5	304	1
5	347	1
5	428	11
5	398	5
5	146	2
5	241	2
5	314	1
5	53	1
5	520	2
5	124	1
5	454	7
5	20	3
5	22	2
5	3	1
5	456	1
5	555	2
5	305	2
5	247	2
5	503	2
5	452	9
5	512	2
5	574	4
5	387	1
5	575	10
5	584	2
5	579	1
60	63	34
60	37	167
60	227	5
60	83	7
60	319	1
60	66	4
60	78	1
60	210	5
60	149	1
60	217	9
60	24	22
60	494	2
60	266	3
60	99	8
61	20	254
61	23	10
61	96	2
61	126	8
61	154	1
61	122	7
61	112	2
61	0	1
61	188	9
61	25	1
61	167	6
61	88	3
61	46	1
61	173	4
61	179	4
61	196	5
61	283	4
61	107	15
61	321	2
61	261	6
61	366	1
61	200	3
61	428	3
61	76	1
61	145	9
61	454	6
61	519	3
61	287	2
61	386	4
61	339	1
61	387	1
62	38	116
62	68	2
62	135	1
62	136	3
62	137	2
62	118	2
62	72	2
62	181	1
62	204	10
62	39	1
62	82	4
62	174	1
62	134	4
62	97	3
62	79	1
62	493	4
62	322	1
62	351	3
62	577	1
62	584	1
62	501	1
63	38	100
63	97	110
63	57	5
63	139	3
63	230	2
63	140	2
63	59	3
63	128	3
63	154	1
64	1	79
64	0	91
64	11	10
64	3	4
64	2	33
64	14	14
64	128	1
64	146	1
64	257	2
64	73	5
64	237	2
65	64	2
65	38	1
65	159	1
65	428	1
65	0	1
65	334	2
65	582	2
65	579	1
65	578	1
65	387	1
65	494	1
66	20	289
66	45	1
66	107	4
66	179	1
66	23	2
66	88	1
66	277	1
66	289	1
66	84	1
66	97	4
67	24	19
67	66	84
67	9	3
67	71	5
67	64	14
67	63	7
67	42	2
67	129	1
67	113	10
68	3	232
68	16	1
68	0	25
68	56	3
68	81	3
68	14	1
68	41	7
68	336	3
68	141	2
68	58	2
68	20	4
68	265	1
68	115	2
68	2	3
68	91	3
68	114	2
68	213	5
68	428	2
68	106	1
69	67	261
69	0	8
69	160	5
69	3	2
69	153	1
69	25	5
69	266	1
69	28	27
69	5	2
69	434	3
6	3	991
6	0	192
6	146	6
6	162	3
6	2	15
6	115	6
6	262	43
6	128	5
6	133	8
6	265	1
6	249	2
6	56	1
6	5	1
6	408	2
6	16	1
6	504	4
6	427	6
6	503	1
6	491	22
6	462	4
6	364	4
6	159	2
6	175	4
6	172	1
6	426	3
6	449	2
6	73	1
6	428	2
6	101	4
6	43	6
6	65	9
6	301	3
6	295	1
6	436	2
6	199	2
6	282	1
6	275	2
70	68	3
70	77	233
70	140	10
70	90	11
70	195	7
70	157	2
70	220	34
70	112	3
70	126	4
70	189	11
70	71	1
70	80	6
70	87	4
70	97	3
70	72	5
70	136	7
70	61	4
70	271	2
70	79	2
70	110	1
70	230	5
70	187	2
70	45	14
70	29	1
70	167	1
70	359	3
70	196	1
70	141	2
70	176	1
70	20	1
70	19	5
70	156	2
70	38	9
70	106	2
70	86	1
70	118	5
70	137	1
70	70	11
70	423	1
70	289	2
70	66	1
70	161	8
71	43	3
71	73	1
71	7	1
71	74	2
71	0	15
71	94	1
71	65	1
71	53	7
71	123	1
71	209	2
71	8	59
71	1	3
71	3	7
71	108	2
71	256	1
71	250	1
71	150	1
71	16	8
71	146	2
71	75	1
71	170	2
71	273	1
71	126	1
71	163	1
71	158	2
71	45	2
71	334	1
71	452	15
71	428	12
71	479	1
72	61	7
72	77	6
72	87	27
72	97	4
72	57	7
72	122	2
72	112	6
72	129	3
72	113	8
72	38	2
72	140	1
73	69	26
73	0	22
73	160	2
73	48	15
73	191	6
73	20	6
73	260	3
73	165	7
73	214	10
73	144	3
73	294	1
73	285	3
73	310	2
73	41	2
73	305	4
73	346	1
73	336	2
73	213	2
73	183	4
73	143	5
73	247	3
73	377	2
73	244	1
73	233	2
73	410	3
73	425	6
73	229	15
73	380	4
73	428	5
73	422	1
73	286	3
73	272	2
73	545	1
73	236	1
74	14	558
74	79	2
74	133	1
74	20	15
74	72	1
74	136	4
74	97	2
74	138	1
74	223	9
74	161	2
74	320	1
74	107	2
75	70	9
75	38	6
75	59	1
75	157	1
75	249	1
75	21	2
75	57	3
75	390	1
75	248	1
76	3	150
76	2	14
76	0	7
76	106	3
76	111	8
76	114	3
76	133	14
76	206	1
76	356	1
77	76	1
77	43	4
77	2	2
77	79	1
77	183	17
77	30	1
77	109	1
77	69	4
77	251	2
77	94	3
77	327	8
77	331	5
77	292	2
77	53	5
77	0	1
77	100	2
77	48	1
77	362	1
77	404	1
77	312	1
77	318	2
77	350	2
77	293	1
77	416	4
77	233	1
77	101	2
77	244	4
77	360	3
77	405	1
77	427	5
77	381	23
77	348	1
77	432	2
77	60	1
77	235	1
77	364	1
77	457	5
77	428	11
77	496	6
77	282	2
77	507	1
77	231	1
77	471	1
77	527	7
77	288	2
77	190	1
77	243	1
77	309	1
77	382	2
77	526	1
77	258	1
77	408	3
78	78	7
78	83	5
78	99	7
78	64	11
78	37	9
78	178	1
78	81	11
78	202	1
78	210	5
78	226	3
79	79	1
79	81	1
79	82	2
79	85	1
79	92	7
79	36	4
79	38	4
79	211	1
79	61	1
79	287	1
79	304	2
79	335	1
7	8	32
7	11	6
7	0	247
7	34	7
7	1	1
7	182	11
7	153	3
7	253	3
7	68	1
7	124	5
7	336	2
7	288	16
7	342	2
7	374	2
7	144	2
7	415	1
7	3	1
7	309	2
7	250	5
7	394	5
7	587	7
7	359	1
7	428	4
80	80	1
80	86	126
80	77	1
80	61	6
80	140	9
80	38	2
80	59	1
80	161	3
80	90	1
80	154	1
80	20	7
81	84	23
81	20	25
81	141	12
81	166	1
81	167	1
81	176	1
81	142	5
81	58	1
81	28	1
81	23	1
81	103	4
82	22	6
82	84	9
82	58	8
82	281	2
82	103	7
82	20	15
82	142	2
82	355	12
82	132	3
82	423	6
82	37	2
83	45	1
83	88	2
83	46	3
83	25	4
83	28	1
83	296	8
83	22	1
83	71	6
83	322	3
83	306	2
83	455	19
83	18	4
83	24	1
84	3	120
84	123	6
84	18	2
84	0	2
84	349	15
84	275	16
84	43	1
84	357	4
84	358	3
84	309	6
84	324	1
84	292	4
84	340	1
84	385	1
84	109	3
84	53	4
84	404	1
84	353	2
84	407	2
84	251	1
84	428	4
84	476	2
84	370	1
85	19	6
85	81	1
85	50	2
85	93	1
85	54	1
85	71	1
85	20	2
85	166	2
85	311	2
85	55	1
85	387	3
85	578	6
85	539	4
85	582	3
86	3	7
86	60	5
86	109	4
86	0	6
86	43	3
86	10	1
86	314	1
86	405	4
86	378	2
86	236	1
86	411	2
86	408	2
86	275	2
86	315	2
86	288	4
86	428	4
86	404	1
86	32	1
86	431	2
87	61	2
87	118	10
87	185	4
87	187	2
87	136	2
87	106	6
87	105	2
87	97	6
87	38	2
87	157	1
87	77	2
87	112	2
87	107	2
87	20	11
87	103	1
87	261	1
88	90	28
88	80	3
88	82	2
88	76	2
88	0	1
88	233	5
88	234	2
88	79	1
88	87	1
88	122	1
88	249	2
89	0	239
89	8	7
89	100	1
89	11	2
89	5	9
89	182	2
89	224	19
89	146	11
89	236	10
89	48	5
89	73	5
89	128	1
89	301	1
89	285	2
89	143	1
89	35	1
89	336	2
89	161	5
89	334	1
89	454	1
89	428	55
89	184	2
89	369	9
89	529	5
89	323	3
89	476	3
89	494	4
89	585	4
89	575	1
89	387	2
89	455	3
8	0	352
8	48	3
8	14	4
8	193	1
8	303	10
8	376	12
8	165	5
8	610	3
8	597	7
8	217	2
8	12	17
8	267	6
90	93	11
90	19	6
90	54	8
90	26	6
90	24	75
90	113	20
90	40	20
90	42	9
90	28	160
90	9	1
90	37	8
90	149	4
90	33	9
91	0	33
91	56	3
91	67	3
91	49	2
91	130	1
91	97	3
91	38	2
91	57	1
91	152	1
91	164	8
92	0	157
92	100	9
92	38	3
92	24	4
92	210	4
92	99	18
92	48	9
92	22	4
92	266	10
92	32	4
92	348	2
92	338	1
92	236	7
92	384	2
92	143	2
92	476	18
92	494	3
92	426	3
92	181	2
92	4	4
92	374	1
92	3	1
92	94	2
92	411	1
92	153	1
92	305	2
92	591	3
92	165	2
93	14	2
93	98	1
93	15	3
93	133	7
93	134	2
93	23	3
93	116	6
93	0	1
93	8	2
93	150	3
93	323	5
93	334	3
93	327	2
93	304	2
93	20	7
93	480	3
93	152	2
93	339	5
93	454	13
93	386	2
94	11	501
94	38	1
94	12	3
94	301	1
94	0	267
94	5	5
94	6	2
94	2	18
94	171	2
94	95	1
94	1	33
94	160	8
94	20	30
94	3	11
94	210	3
94	64	2
94	428	21
94	128	7
94	48	7
94	115	5
94	45	17
94	141	3
94	67	1
94	107	3
94	103	1
94	22	12
94	454	8
94	229	2
94	391	37
94	217	2
94	305	1
94	328	5
95	50	87
95	55	6
95	51	5
95	19	3
95	96	1
95	104	1
95	20	1
95	14	1
95	81	2
95	21	1
96	95	43
96	0	9
96	165	5
96	108	1
96	170	1
96	276	1
96	191	2
96	235	2
96	288	5
96	201	2
96	346	2
96	290	2
96	305	2
96	406	2
96	373	7
96	250	6
96	384	2
96	365	1
96	214	1
96	428	3
96	130	2
96	379	1
96	529	1
96	412	1
96	393	3
97	51	57
97	141	22
97	203	2
97	180	2
97	147	2
97	254	1
97	152	1
97	35	6
97	130	2
97	0	4
97	146	2
97	75	2
97	259	2
97	126	10
97	204	2
97	45	9
97	84	7
97	185	2
97	96	1
97	38	1
97	110	1
97	79	1
97	156	1
97	14	1
97	114	2
97	72	1
97	19	27
97	54	1
97	210	2
97	63	1
97	26	1
97	27	1
97	55	2
97	115	2
97	2	2
97	83	1
97	103	1
97	265	2
97	289	3
97	107	2
98	3	10
98	6	1
98	11	1
98	108	8
98	109	4
98	2	1
98	101	34
98	43	12
98	65	1
98	190	3
98	199	4
98	30	1
98	0	2
98	205	4
98	128	1
98	258	1
98	53	16
98	251	4
98	219	4
98	286	1
98	292	3
98	94	13
98	361	4
98	308	2
98	370	1
98	324	2
98	382	9
98	350	2
98	336	1
98	385	5
98	422	2
98	367	1
98	408	1
98	427	1
98	416	8
98	338	3
98	357	1
98	183	5
98	512	1
98	333	14
98	282	2
98	527	155
98	345	7
98	314	2
98	275	3
98	520	4
98	41	3
98	409	1
98	371	1
98	518	3
98	491	2
98	364	1
98	557	3
98	575	9
98	576	3
98	585	6
98	263	1
98	577	1
98	578	1
98	579	1
98	586	2
98	590	1
98	280	4
98	546	1
98	462	1
98	534	2
98	591	2
98	526	1
99	0	8
99	250	2
99	106	1
99	285	2
99	341	5
99	352	2
99	365	1
99	273	3
99	476	7
9	9	6
9	10	3
9	19	2
9	24	1
9	25	24
9	33	6
9	45	2
9	46	1
9	14	2
9	26	1
9	92	1
9	23	1
9	322	17
9	323	3
