127	35.70025263	139.4802547
428	35.54896343	139.7846114
87	35.60992943	139.8256588
1034	35.7495381	139.5865399
622	35.72902543	139.7110963
10	35.55319973	139.6468145
5	35.72986464	139.7109556
659	35.64592362	139.8269248
671	35.73022733	139.7111607
61	35.68137872	139.7660816
92	35.73792608	139.7610283
1933	35.74660804	139.7469091
1100	35.56068371	139.7237302
2159	35.60910079	139.5163035
1978	35.74880451	139.7195989
1939	35.68220662	139.798767
723	35.77209986	139.5198977
806	35.65551788	139.7567314
1147	35.676202	139.6993697
1041	35.64461364	139.5024687
208	35.76612579	139.8092237
7	35.69080269	139.7002792
96	35.6400427	139.5987386
1548	35.76291574	139.7276831
325	35.60753808	139.6688391
475	35.62057677	139.5699236
19	35.6281212	139.737982
550	35.75086595	139.8669004
271	35.61149947	139.6266174
494	35.73651528	139.7468233
232	35.71295471	139.7037041
11	35.73027306	139.7113779
41	35.65852173	139.701326
43	35.65818534	139.7029018
281	35.55137977	139.7884083
1146	35.68859747	139.7106913
730	35.75649928	139.8753119
1372	35.75626039	139.6945866
547	35.55863317	139.5515156
1016	35.6205179	139.7508198
710	35.57209628	139.7028834
196	35.66959007	139.8175974
1435	35.66458473	139.8593742
170	35.65948428	139.7002065
510	35.84768054	139.6691492
476	35.82842623	139.8034662
69	35.56238729	139.7159528
568	35.67567472	139.7634637
924	35.67459836	139.7777009
2030	35.68968344	139.7007859
597	35.74588638	139.8562927
251	35.57490949	139.6632457
412	35.6071318	139.7347739
30	35.60375363	139.5075917
89	35.70462192	139.619987
421	35.71678759	139.8582637
1463	35.66750364	139.4789672
508	35.53694083	139.6348679
901	35.84756205	139.6693772
118	35.66051289	139.7292119
923	35.69604865	139.7512382
192	35.68468154	139.7660494
50	35.64573181	139.747569
732	35.74399572	139.8115718
88	35.79187911	139.6458757
1556	35.65250591	139.5446062
1393	35.73679396	139.6377647
354	35.740912	139.716762
2429	35.72578541	139.7298717
1053	35.64671982	139.7456941
1243	35.53654796	139.7041386
371	35.72777124	139.7709632
58	35.64693934	139.7473598
1340	35.66360738	139.8727047
560	35.70537552	139.6498615
425	35.65561814	139.7567421
13	35.6985962	139.7730182
695	35.56103556	139.6710375
651	35.68211947	139.8003387
674	35.56866646	139.553412
126	35.66669205	139.7581327
52	35.71362077	139.7765178
483	35.60978987	139.7496986
94	35.84562439	139.6469802
98	35.74757458	139.8401856
55	35.71048066	139.8133099
51	35.57572976	139.6596515
1046	35.70058589	139.764035
1205	35.80785559	139.8450378
1013	35.74355324	139.6070272
132	35.8587396	139.6572858
1629	35.57289367	139.6672261
484	35.69807225	139.77548
1157	35.68598869	139.7634315
1299	35.69776947	139.6480751
585	35.61919224	139.7283053
80	35.677518	139.7653949
103	35.59974085	139.6102238
257	35.59902115	139.6112001
526	35.71115145	139.7735596
223	35.69834235	139.7688657
1787	35.57629697	139.6556497
1129	35.53153648	139.6967518
431	35.53132693	139.696902
1742	35.77722683	139.7904468
171	35.68895836	139.7000097
49	35.69055482	139.705925
629	35.69022852	139.7000097
653	35.72568253	139.7195057
77	35.69034569	139.6997881
212	35.74964694	139.8051453
163	35.66822491	139.6011391
378	35.7073575	139.7746164
1151	35.61529362	139.5794427
624	35.69074652	139.7006357
1530	35.6727158	139.724046
44	35.6781542	139.705689
500	35.67701252	139.737044
1022	35.69700273	139.6826863
1005	35.81544677	139.5871836
910	35.66862803	139.704895
1689	35.56351205	139.6788883
9	35.67231923	139.7945613
86	35.81764786	139.6695864
1805	35.67194009	139.7957468
121	35.63014573	139.7404289
1790	35.65943198	139.7005606
175	35.65819631	139.7020304
66	35.69167017	139.7708774
137	35.72949574	139.7913051
225	35.6832088	139.7688979
12	35.71369516	139.7775078
1006	35.81474644	139.5868364
1001	35.82801739	139.6905184
93	35.81565557	139.7043586
46	35.699583	139.765222
863	35.68100399	139.7638392
552	35.7388325	139.6627645
333	35.65188911	139.5443957
1616	35.68253342	139.7737044
157	35.69556071	139.7758716
479	35.68474254	139.7744501
683	35.67254956	139.9021505
951	35.65851667	139.7764349
242	35.68600612	139.7306657
472	35.70895612	139.7965622
742	35.57573412	139.6596569
181	35.63869992	139.740032
350	35.70300579	139.7716606
617	35.57572103	139.6596515
113	35.61969917	139.7285528
502	35.74678383	139.7546359
1368	35.66864546	139.6504784
572	35.68891662	139.8155737
429	35.68902119	139.8157024
274	35.66511535	139.7124588
1591	35.60514388	139.7425472
1066	35.66587607	139.8930454
596	35.62820962	139.7384112
140	35.56840372	139.5535111
599	35.62850802	139.7383313
346	35.7027063	139.5608296
90	35.62822723	139.7387123
598	35.62882023	139.7386158
143	35.59995458	139.6105993
440	35.65495996	139.7436476
1182	35.56806773	139.5534682
2194	35.71942694	139.6638036
399	35.65916174	139.5436406
78	35.69980392	139.7718
1865	35.69374399	139.7708827
31	35.70219553	139.5448208
2502	35.64603261	139.8269892
449	35.65386463	139.7498026
2025	35.66225192	139.774906
860	35.68997971	139.6973741
56	35.67374424	139.6672583
663	35.64440221	139.8615897
147	35.5937911	139.6056533
538	35.61750024	139.7793531
1459	35.53676622	139.702878
1200	35.64615031	139.8274237
1145	35.79220981	139.7177321
660	35.53275445	139.700743
918	35.66719421	139.7585446
397	35.69643202	139.8139429
737	35.74830601	139.5676732
1816	35.68249494	139.7916474
705	35.64318157	139.6092904
553	35.68658997	139.7659099
1656	35.71585116	139.6951479
245	35.70320182	139.5799041
482	35.68600612	139.8829293
17	35.72614905	139.5132297
72	35.77806244	139.7208381
874	35.6663095	139.7586197
252	35.671976	139.741176
38	35.66331537	139.7321168
337	35.69596587	139.7580671
1693	35.58157615	139.7491193
183	35.56292403	139.5698129
749	35.68304104	139.7021592
814	35.58732177	139.5913464
602	35.66884376	139.6234699
155	35.54549626	139.5745189
334	35.68985772	139.8356581
613	35.68867263	139.7731733
67	35.68635578	139.7822486
2362	35.60712395	139.6224021
414	35.5884342	139.7279191
2467	35.67736984	139.7517478
1044	35.72129098	139.752059
1375	35.66895053	139.6913123
462	35.75243323	139.738133
122	35.7336936	139.7402787
1351	35.79123348	139.6913901
2142	35.74933348	139.8051023
1944	35.6969156	139.7754693
123	35.68417611	139.7020626
430	35.69643638	139.8139483
498	35.69690689	139.8145008
1460	35.69001021	139.7058928
2366	35.5848776	139.58198
366	35.67278116	139.7240299
295	35.5613563	139.5750868
1316	35.55137977	139.6717215
8	35.6908598	139.7048521
465	35.69758487	139.8260772
178	35.55347523	139.5785026
1741	35.68848092	139.7881508
6	35.66092259	139.7514582
309	35.70357209	139.755106
53	35.72935203	139.7181773
786	35.70710486	139.7812709
317	35.69610528	139.7925282
1439	35.72989638	139.7474241
2455	35.62536139	139.7238958
318	35.69612271	139.7925121
456	35.71014091	139.8134065
1029	35.56432371	139.6540457
454	35.71076379	139.8128915
129	35.70219553	139.7551703
696	35.70642532	139.8425084
485	35.724399	139.753634
541	35.56247782	139.7160503
778	35.68810445	139.6934552
989	35.67964883	139.77997
520	35.67496319	139.7634734
746	35.62840531	139.7385408
1551	35.68800165	139.6989834
562	35.60729518	139.6686745
2006	35.58259999	139.6732548
1599	35.71897399	139.7274899
504	35.68205847	139.7860265
897	35.6738924	139.7509646
409	35.63669204	139.5870968
1794	35.64374621	139.6697262
185	35.65874547	139.6991222
70	35.69550407	139.7517049
1315	35.6695345	139.7555029
275	35.70036154	139.7504282
2605	35.6906681	139.7008288
272	35.6897183	139.6992517
207	35.68279486	139.6868733
424	35.63367739	139.7155166
1166	35.70191673	139.744978
101	35.68860292	139.6989512
2203	35.65556855	139.5437077
748	35.73294462	139.8816741
844	35.67834593	139.7400963
722	35.84318647	139.8007303
1093	35.6207839	139.5699102
198	35.62081442	139.5697117
1880	35.63166305	139.6447706
1798	35.6652461	139.7123623
4	35.67219503	139.4804665
158	35.62104118	139.5694542
1892	35.68337899	139.7022037
247	35.65561378	139.7036934
25	35.70582855	139.6657991
774	35.66184659	139.6998096
105	35.66937762	139.8065186
890	35.71389464	139.7613021
2195	35.68333952	139.7605562
930	35.67326488	139.7203016
411	35.66898975	139.6797144
1877	35.68217176	139.7877324
154	35.61718626	139.5645618
1432	35.6338943	139.5310986
109	35.70393801	139.7342169
825	35.69236726	139.7047046
2370	35.69520782	139.7582442
1019	35.68633726	139.7295713
877	35.65486406	139.7962672
570	35.53532513	139.5894849
1124	35.74561801	139.7195739
2690	35.51499374	139.6655095
851	35.68797551	139.7969913
673	35.69099922	139.7355741
1419	35.67866839	139.7401714
124	35.68120443	139.686361
719	35.67096774	139.6587892
754	35.60764845	139.7347373
1983	35.62885075	139.7379935
929	35.710036	139.810697
148	35.6656039	139.7313015
199	35.73211725	139.7667038
237	35.69235855	139.7009468
110	35.64687831	139.7099483
1143	35.63428342	139.7156721
136	35.66287517	139.7314596
1126	35.72948602	139.7108558
1294	35.63005853	139.6223259
1807	35.65573582	139.7035325
375	35.68892751	139.6995628
2438	35.68940896	139.698801
117	35.6785856	139.7536629
2731	35.80212584	139.7179842
1264	35.801917	139.7175872
1783	35.69319069	139.6931684
2325	35.65605946	139.7043103
2647	35.68138744	139.7755551
738	35.69051561	139.6669284
268	35.67423693	139.759074
2199	35.62656595	139.7413945
747	35.68691239	139.7636139
1140	35.66629207	139.4770548
876	35.72270232	139.6385915
1567	35.68814759	139.7002291
532	35.6923934	139.7228658
150	35.71290244	139.7038972
63	35.64836523	139.7033905
1969	35.69086525	139.7048702
1552	35.52201576	139.6298468
214	35.74800996	139.8066044
169	35.67955732	139.762702
675	35.65227052	139.7222221
85	35.66318885	139.7321247
145	35.68598869	139.782443
395	35.6264504	139.7234398
2053	35.65730279	139.5435709
667	35.57957795	139.5730188
164	35.7303558	139.7105572
336	35.65285462	139.5437479
1760	35.71322476	139.7047019
1344	35.70559332	139.7921956
269	35.735961	139.629695
2724	35.64855224	139.823572
716	35.74956422	139.8045927
1872	35.5222417	139.7323072
244	35.68652026	139.7661942
401	35.65890459	139.702583
1850	35.61462638	139.5282447
556	35.69642331	139.8141789
228	35.67232359	139.7365451
688	35.71141279	139.7771806
1825	35.64742757	139.7090578
2328	35.65436596	139.7568842
1050	35.67125155	139.7470593
24	35.71406103	139.7740746
273	35.53376287	139.7294641
906	35.66303643	139.7612911
282	35.60743038	139.6856207
394	35.73787383	139.6545231
960	35.7509269	139.8046625
677	35.73740792	139.6547484
1537	35.6721667	139.4798684
328	35.74379543	139.6785879
464	35.69589617	139.6999598
957	35.69157432	139.7037551
311	35.6577757	139.5444077
872	35.70984472	139.7908008
2576	35.69727283	139.7717947
1687	35.69617281	139.7708881
215	35.6798362	139.7800612
962	35.55173355	139.788494
1176	35.55310568	139.7847962
2617	35.770128	139.660808
2108	35.69275065	139.7035351
2396	35.69760611	139.7687235
32	35.67612792	139.6432096
789	35.69331267	139.699131
213	35.74977976	139.8054672
250	35.75044801	139.7388732
702	35.6688285	139.8306611
1945	35.6742127	139.7450584
2701	35.73090667	139.7089934
2364	35.73134866	139.7074887
34	35.70230879	139.7450316
186	35.68128395	139.7660708
133	35.73705522	139.4882584
1498	35.7125202	139.7761483
3	35.66761259	139.631837
174	35.69901542	139.7746217
2137	35.62510522	139.7792673
71	35.69541694	139.7511095
1753	35.60296284	139.507418
1384	35.6498488	139.7120755
1940	35.83049393	139.5623713
382	35.69710947	139.7709739
2389	35.69103843	139.7692144
351	35.6996166	139.7713923
648	35.70150071	139.7711965
1611	35.66555989	139.7505462
1399	35.68586669	139.7603953
1719	35.57491385	139.6632349
791	35.74870655	139.8048019
926	35.64752347	139.7484326
1313	35.69172028	139.7023442
714	35.64489918	139.710989
2215	35.68022262	139.7683304
1819	35.67269836	139.7240674
1982	35.701071	139.752745
1889	35.69724422	139.7574838
854	35.67112081	139.6482897
353	35.69888255	139.7704133
115	35.70179	139.769787
235	35.60624843	139.7348499
940	35.65859949	139.7020948
285	35.69898492	139.7710598
1836	35.67867275	139.740217
21	35.669687	139.767254
40	35.66836141	139.6504027
290	35.66492359	139.7278011
800	35.70037134	139.7705434
1708	35.69690907	139.7935098
1117	35.68315215	139.7689945
2285	35.6921015	139.7848892
1474	35.65981771	139.7003755
267	35.60350066	139.6175301
83	35.65836848	139.7024167
755	35.7300438	139.6830291
1922	35.62643514	139.6339278
2621	35.67702995	139.7370386
2651	35.70532593	139.7722933
104	35.62752523	139.7787952
248	35.6921821	139.7029531
785	35.70195141	139.7705518
403	35.69330396	139.7008181
29	35.82221515	139.5751941
805	35.618573	139.7279835
2472	35.7168263	139.7733475
246	35.69320376	139.7498274
1781	35.728228	139.714008
59	35.70073836	139.7718832
1477	35.65363051	139.6473777
176	35.69024113	139.6967947
686	35.67683821	139.7701371
689	35.68239834	139.77386
529	35.68822423	139.7013062
891	35.69735561	139.7751474
1871	35.66903115	139.7054851
300	35.65992013	139.7019446
2437	35.670136	139.7640117
968	35.7099645	139.7745815
900	35.69152204	139.7012472
822	35.72980928	139.7164232
1397	35.70818882	139.7521287
2501	35.6604388	139.7292253
2172	35.67051941	139.7737259
2580	35.66357687	139.7117561
1245	35.66050418	139.6849823
342	35.69943363	139.7716391
1711	35.63312803	139.7155809
360	35.62666624	139.7403699
1164	35.79807517	139.7717497
142	35.66036471	139.7289705
2044	35.66028655	139.6976912
875	35.6987671	139.770121
756	35.64922791	139.7428858
2603	35.57887343	139.7843218
557	35.70291213	139.7716874
850	35.69375052	139.701722
209	35.69747051	139.7615211
239	35.6334692	139.6616444
1010	35.655778	139.542098
335	35.70048787	139.7717839
299	35.67664648	139.7636515
587	35.57742264	139.558441
1258	35.66582255	139.699679
2358	35.57778913	139.5585537
2078	35.69967759	139.7694156
2550	35.73767353	139.7613502
283	35.71283275	139.705013
2642	35.57876644	139.7493553
2041	35.69126935	139.7077221
549	35.68008021	139.7202373
919	35.70925232	139.6656811
217	35.71072459	139.6863234
165	35.67058042	139.608947
2152	35.65806773	139.7001126
2269	35.69939225	139.7711161
162	35.71259319	139.7042996
134	35.65739485	139.7066817
370	35.69981917	139.7717759
1211	35.69849265	139.7721916
307	35.70033975	139.771159
1993	35.59837995	139.6510792
668	35.64410577	139.6689534
1651	35.68261621	139.7643328
2697	35.70180459	139.7717849
554	35.70703952	139.7821641
592	35.70054886	139.7711992
2332	35.64449158	139.6697232
2111	35.66151535	139.7294641
892	35.66111437	139.6996593
1257	35.66722908	139.4774276
699	35.56192592	139.7147409
308	35.65513431	139.7930002
2618	35.68525669	139.7094655
384	35.64351289	139.6711582
1417	35.72899494	139.713462
2477	35.73078316	139.7154323
873	35.66188146	139.7010568
2116	35.67070245	139.6966338
444	35.65850795	139.701325
1356	35.7002156	139.7740048
224	35.66491487	139.6960759
1482	35.69638955	139.7564766
591	35.70098667	139.7710463
417	35.69191851	139.7056863
478	35.70010451	139.7739673
636	35.73080215	139.7105598
971	35.55126861	139.7875775
912	35.67985363	139.768796
1051	35.56260438	139.6999168
1525	35.65037435	139.695915
1870	35.65907893	139.6988708
1909	35.65957252	139.7285938
1030	35.58105261	139.6414232
694	35.65637656	139.7546071
2143	35.65584915	139.7011614
1272	35.77760438	139.6329273
2062	35.69515366	139.7485156
1476	35.70000658	139.7802823
1885	35.70217375	139.7713709
692	35.78825523	139.6129199
288	35.6754394	139.7628951
402	35.6990372	139.7708626
580	35.69984749	139.7637802
1953	35.69953818	139.7695363
2664	35.58831205	139.7303224
1121	35.6958025	139.7019553
1499	35.53278501	139.7009039
717	35.7602343	139.7222114
427	35.55000441	139.7864623
515	35.67993969	139.7682153
1017	35.68443754	139.729979
386	35.53294217	139.6957648
439	35.53291597	139.697063
546	35.66278801	139.7596335
870	35.70205178	139.7711349
1240	35.53473417	139.7480021
1970	35.70065341	139.7707728
2497	35.7760289	139.722204
1296	35.78969036	139.7239923
862	35.67226694	139.7657758
2049	35.68490812	139.7731519
1183	35.63173282	139.7976351
1078	35.53304694	139.6947241
1862	35.67254148	139.735263
2506	35.68672504	139.7742248
703	35.68401925	139.7376823
1305	35.69927353	139.7752011
2673	35.53297709	139.6947026
848	35.62294241	139.7506213
821	35.68957452	139.6969047
1802	35.69737086	139.7724438
634	35.70134171	139.5064437
315	35.69059403	139.6925622
838	35.68987515	139.7022665
1979	35.78888969	139.6611643
460	35.70042688	139.7717518
982	35.67204468	139.7641718
1801	35.70081185	139.7719447
1011	35.65866051	139.684478
1125	35.62611683	139.723649
264	35.69988237	139.7724139
1913	35.71472744	139.7967339
1835	35.77744721	139.685934
2055	35.66566449	139.7307301
2469	35.66490615	139.6960759
1112	35.66020344	139.5232961
1900	35.72768541	139.7663037
153	35.67054556	139.7178555
125	35.63764487	139.6911407
2003	35.69160046	139.7046912
859	35.6548074	139.7973132
253	35.75385245	139.7383583
368	35.64285897	139.7340345
1251	35.53095149	139.6976745
1861	35.69956432	139.7709954
2058	35.65699986	139.7586465
1270	35.68164016	139.7689891
2405	35.702848	139.7718969
381	35.69950769	139.7704536
388	35.68700825	139.7023308
493	35.67505157	139.7633135
473	35.63919693	139.7402358
590	35.69001963	139.6991993
1899	35.66202093	139.6979642
1908	35.71109047	139.7963583
521	35.7284129	139.7120427
2254	35.64181269	139.7576809
2781	35.71230136	139.8039865
1471	35.69781304	139.7752011
1324	35.67873811	139.7403646
2321	35.76031918	139.533935
743	35.68939589	139.8261952
941	35.67816836	139.7681871
2527	35.66622234	139.7584963
303	35.69889344	139.7710168
745	35.66656664	139.7262132
932	35.67458148	139.7171292
82	35.6563722	139.6994233
190	35.69940749	139.7711241
234	35.69046768	139.7545803
1512	35.67352199	139.7627342
107	35.66158508	139.6674728
1930	35.71006686	139.7989601
238	35.69148283	139.7531426
1187	35.69167889	139.7046643
243	35.69139134	139.7499561
902	35.64299847	139.8603344
2410	35.71246252	139.7071695
666	35.527089	139.6944105
865	35.71206615	139.765234
879	35.63002364	139.740386
327	35.69097308	139.7354937
1717	35.698025	139.772411
2408	35.85869178	139.6591151
792	35.65584915	139.5429218
559	35.69268748	139.7036612
1065	35.68892098	139.6995628
373	35.59900806	139.6120128
161	35.6650369	139.712491
1838	35.66475797	139.7484595
961	35.65869973	139.7007859
1232	35.61223215	139.6277654
1531	35.69053957	139.7027788
301	35.70087123	139.6972132
2147	35.59758923	139.7446183
95	35.61988117	139.7283731
2736	35.6913652	139.7011185
1256	35.53312552	139.6949708
977	35.61769212	139.7286916
355	35.68113471	139.7678196
524	35.64655245	139.7102273
1292	35.72959521	139.7159578
1298	35.66194683	139.6700451
79	35.65956273	139.729346
1448	35.68340923	139.7434062
2212	35.690062	139.694569
310	35.61837241	139.7275758
64	35.64431502	139.6990907
1631	35.67122976	139.7650141
575	35.66300592	139.7450423
1627	35.78672262	139.6126163
741	35.68116739	139.7114396
1090	35.729909	139.713527
42	35.6881863	139.599369
509	35.69460661	139.7021645
972	35.55083256	139.7880369
1322	35.64990793	139.5513278
159	35.72623397	139.5920759
976	35.65886536	139.7015476
616	35.68569676	139.741644
45	35.70734444	139.7514474
359	35.67170477	139.7414804
1297	35.67576623	139.7651267
1517	35.84421489	139.6279183
1529	35.62325637	139.571085
216	35.70320617	139.7909537
2616	35.67136586	139.4806214
481	35.6587346	139.7016227
772	35.65975015	139.7008878
1237	35.70074054	139.7718751
1347	35.60184249	139.7217686
885	35.66997902	139.7633994
62	35.64812504	139.7487545
182	35.70051401	139.771049
1127	35.71202259	139.7984076
139	35.66578652	139.7309607
1167	35.7882236	139.6129249
1003	35.69793284	139.7751045
706	35.758702	139.6894026
712	35.71733637	139.7657275
603	35.70470468	139.5815456
1266	35.68770538	139.7021377
1291	35.71114927	139.7744554
471	35.6670809	139.7573966
2320	35.69883571	139.7716056
2402	35.70204089	139.7704589
1144	35.76868594	139.6622014
518	35.69256767	139.6987045
967	35.69439313	139.692809
276	35.68727403	139.7627074
452	35.6706763	139.7025239
1076	35.70318439	139.5799041
364	35.70093221	139.7706521
935	35.68994486	139.7015423
0	35.69807878	139.7659984
1312	35.65913341	139.7010025
60	35.75441839	139.7373256
1268	35.67530867	139.7633564
1596	35.70416026	139.792012
1857	35.69059839	139.6995628
1444	35.55453958	139.7297108
453	35.70765806	139.7729802
2574	35.69737086	139.8135674
2636	35.658229	139.7012043
847	35.70163575	139.7713172
1202	35.67180064	139.765234
135	35.66848857	139.7053885
661	35.52956759	139.6964246
600	35.69647995	139.8150158
1959	35.66179919	139.5839623
1252	35.69353051	139.7051311
1545	35.6916876	139.77088
752	35.60879495	139.7180553
1931	35.69533417	139.7026205
536	35.69867779	139.7742221
131	35.70320617	139.7545695
130	35.70558461	139.7519088
1632	35.60624407	139.7349787
1949	35.66016312	139.6974733
1882	35.67121232	139.7047234
601	35.69776076	139.7714674
1328	35.66413038	139.5270109
2517	35.74367135	139.6792316
240	35.69880631	139.7747827
260	35.69836195	139.7729266
193	35.65797184	139.5750332
1287	35.67431511	139.7640002
2090	35.69620222	139.702528
39	35.69884334	139.7747532
2546	35.669273	139.703911
685	35.700226	139.771692
16	35.70947011	139.7334713
799	35.71796355	139.8167297
361	35.6983271	139.7716284
2182	35.64435862	139.6996325
2776	35.70059024	139.5781714
2420	35.68990347	139.6984202
1642	35.70043559	139.5049363
2545	35.70223038	139.5448208
978	35.70833214	139.6662296
1864	35.699756	139.5734024
1077	35.68881913	139.6986784
642	35.68998843	139.7011292
200	35.66616568	139.7586626
2468	35.5885544	139.7281586
1576	35.7322283	139.7103372
1061	35.73156422	139.7135907
2312	35.69897185	139.7751327
2262	35.69901977	139.7746271
2	35.65104347	139.5443326
2567	35.701587	139.5448
842	35.75136216	139.5459177
1441	35.65688049	139.754338
1648	35.70096076	139.7709512
203	35.69877581	139.7709954
111	35.73345382	139.7394838
372	35.72810221	139.7712743
566	35.53049747	139.6983182
522	35.65907021	139.7011346
2777	35.72378676	139.6828895
631	35.73099376	139.7137034
615	35.72947799	139.711997
1625	35.67218849	139.7674938
76	35.69249469	139.7011285
379	35.69171374	139.6986347
383	35.53230481	139.6970737
1479	35.69857106	139.7764429
15	35.64536826	139.7478818
1366	35.661579	139.585705
2663	35.66297542	139.6971917
816	35.70384108	139.5993602
1837	35.65999641	139.6994609
1122	35.69854453	139.7715914
1587	35.73418131	139.7400266
1966	35.67420616	139.7450584
922	35.67848973	139.7648478
279	35.66614389	139.641434
871	35.62520987	139.7756195
1788	35.62907326	139.7396684
1091	35.65350519	139.5444359
2010	35.729603	139.715354
1668	35.72985644	139.7150351
2630	35.68985118	139.6973446
2754	35.6916932	139.7061492
620	35.6435652	139.6706593
2023	35.69086852	139.7003031
757	35.70129379	139.7000409
945	35.56771428	139.6925864
1082	35.73938039	139.7974312
998	35.73827442	139.848597
994	35.65858641	139.7009575
2232	35.72923697	139.7108508
1785	35.74233249	139.7970772
801	35.71034999	139.8090398
988	35.70084933	139.7708713
2511	35.71676799	139.5185841
262	35.58686371	139.7059357
18	35.68058822	139.4717697
48	35.70668668	139.7599286
954	35.72983106	139.7147977
973	35.60846801	139.647792
1210	35.72934768	139.7181666
751	35.63626717	139.8834309
26	35.60426612	139.6000019
1799	35.67289447	139.7236343
952	35.622285	139.739242
578	35.69767363	139.7746432
33	35.64425399	139.6990585
1572	35.70071004	139.7411478
1581	35.708426	139.4960951
953	35.66615261	139.4771433
1293	35.52818367	139.6980286
1562	35.67765108	139.7651556
516	35.71108551	139.7751248
858	35.691156	139.7021063
1098	35.6598504	139.7020626
503	35.68994486	139.7015476
2307	35.82681696	139.6526778
291	35.67626736	139.7876519
2054	35.53126581	139.6948957
314	35.72806302	139.7191966
1047	35.729697	139.716091
527	35.689354	139.698007
1035	35.55505929	139.6956669
665	35.56329209	139.71507
321	35.69737294	139.7851307
593	35.68980979	139.6979052
1901	35.65795005	139.7007537
1148	35.62640462	139.8877144
574	35.69114641	139.70152
690	35.71365596	139.7771001
1319	35.68869659	139.698616
986	35.66043444	139.6730947
630	35.73184291	139.7280639
823	35.69374603	139.7012463
1007	35.65173655	139.5462839
278	35.72939123	139.7100449
1887	35.65952763	139.7025577
649	35.67513872	139.7598696
2714	35.69295651	139.7018795
1820	35.52996923	139.6996593
230	35.56234446	139.7137883
389	35.65370897	139.5444185
1012	35.64569258	139.4897604
1354	35.53140551	139.6956065
927	35.66661458	139.7581744
534	35.66484514	139.7607815
1099	35.70025481	139.4802573
1231	35.69957086	139.7746593
1249	35.73119843	139.7095942
210	35.68150944	139.7653198
530	35.68856588	139.6979052
647	35.69766928	139.7734952
1744	35.68387955	139.7021339
1856	35.65784372	139.7014757
28	35.65120693	139.5443219
618	35.69951858	139.7704482
167	35.68931964	139.7004613
1555	35.75849305	139.628849
1008	35.62628253	139.7829366
1339	35.69800309	139.657841
65	35.75283157	139.7381839
128	35.69078574	139.7063541
156	35.66549724	139.7596396
1130	35.66552067	139.7594672
73	35.75090078	139.7526437
1920	35.68151816	139.766103
1620	35.71325089	139.7923055
1749	35.66017643	139.7302888
2181	35.6653507	139.7292602
2299	35.70214777	139.77175
1594	35.63745304	139.7561789
656	35.69793938	139.7074297
981	35.63519465	139.7675246
369	35.71769351	139.7580135
1487	35.58049	139.661864
1519	35.55133067	139.6751305
376	35.73724245	139.7740129
2387	35.69767799	139.7751179
1761	35.669627	139.688855
437	35.69747323	139.682858
669	35.7062293	139.6858299
114	35.71373001	139.7772288
569	35.67511257	139.7596121
54	35.69017142	139.6989298
878	35.62567861	139.713411
886	35.74075631	139.6682775
1271	35.72816753	139.7111714
2207	35.7332059	139.7775722
1118	35.58981272	139.6688032
2260	35.68137001	139.78652
1155	35.62575056	139.6617758
2239	35.62558977	139.6636554
1644	35.6680702	139.7725296
2476	35.66515893	139.7697991
1382	35.71091624	139.7978872
2233	35.72552412	139.763217
794	35.74440118	139.8112822
555	35.66229986	139.5848715
1800	35.70207356	139.7718805
548	35.68173603	139.7648478
177	35.80942609	139.5323753
621	35.57668092	139.6594745
47	35.66140312	139.6672556
1554	35.69749937	139.5827043
904	35.67434997	139.7670445
197	35.63440986	139.7916135
1279	35.68900376	139.697417
1334	35.7286335	139.5526046
256	35.62653543	139.7233486
400	35.69917443	139.772559
802	35.71209229	139.798429
707	35.672868	139.763171
2434	35.69081623	139.7027385
2296	35.5310519	139.6843868
1009	35.73263545	139.7679055
767	35.6565945	139.5440939
1868	35.72966558	139.7147012
704	35.66987443	139.6157169
1975	35.6646403	139.7619134
2208	35.6561717	139.5444292
595	35.68137001	139.7664571
1057	35.70304064	139.5798665
523	35.67995821	139.7800827
1363	35.68752238	139.7921848
512	35.68632419	139.7822714
729	35.62841908	139.739871
1	35.70124524	139.7447031
1849	35.55047499	139.789449
1160	35.85853526	139.6587771
2589	35.73841974	139.6891578
119	35.65136821	139.6366382
604	35.67773588	139.7957683
106	35.76993233	139.6440411
956	35.69920492	139.7704268
501	35.65468862	139.7570746
377	35.69543437	139.7674549
1423	35.69686768	139.7974581
2153	35.65334718	139.5431015
2079	35.69844473	139.7733396
640	35.69829062	139.7746734
420	35.687564	139.79738
2524	35.68492901	139.7648361
1613	35.73010758	139.7176301
189	35.69949898	139.7711027
1244	35.76439571	139.8526311
2683	35.69833581	139.7715211
2326	35.69553021	139.7520268
491	35.53098642	139.6966258
492	35.65946194	139.7005123
329	35.70104548	139.7718
542	35.64734965	139.6240794
2592	35.70043559	139.7702444
265	35.66507177	139.7013116
736	35.77465904	139.7858441
2074	35.672219	139.7957039
1615	35.7082374	139.769901
2650	35.55492363	139.5781392
1522	35.66985012	139.7030065
1337	35.71245048	139.7759286
1465	35.70707219	139.6647035
698	35.70185132	139.77498
2463	35.69933888	139.7698903
853	35.70062945	139.7704831
1736	35.69935739	139.7698098
280	35.66162867	139.6665502
1663	35.70068555	139.770708
1582	35.701297	139.76927
959	35.73037539	139.7124052
2590	35.70008922	139.7701575
1329	35.6502414	139.558602
2530	35.69839355	139.7738567
2457	35.70572836	139.5812452
57	35.68129593	139.7670311
625	35.72056	139.7063509
583	35.64900559	139.8024309
1159	35.82746937	139.6603274
2347	35.65991142	139.7009468
418	35.73097634	139.7095621
2514	35.73313786	139.7465122
180	35.70221514	139.7707245
1534	35.62716332	139.573617
2081	35.67361351	139.7413516
1278	35.7073379	139.7765502
1193	35.80803396	139.6780407
1461	35.7113579	139.775757
331	35.72762269	139.5771278
1514	35.66047367	139.7003406
1070	35.66730099	139.7569326
415	35.69825304	139.7731519
1043	35.68861381	139.6983585
184	35.70127854	139.7710437
1539	35.7139761	139.6863127
1109	35.65359564	139.5439893
537	35.68993614	139.7063139
1994	35.68892093	139.697926
1097	35.7695493	139.8704517
718	35.65851722	139.701333
882	35.67143458	139.7657651
544	35.65491201	139.7962068
627	35.71508895	139.6872568
2762	35.68145082	139.686081
1131	35.71585285	139.6720786
1362	35.66252408	139.66055
108	35.658861	139.6997881
2528	35.68869333	139.6984255
713	35.69218489	139.7700926
505	35.7204722	139.7788274
577	35.61783385	139.6763939
2085	35.69258728	139.6986803
204	35.70788893	139.7743267
2022	35.73026051	139.7135738
1215	35.69325604	139.7014832
2115	35.69049818	139.704895
795	35.65375256	139.7954357
984	35.73092542	139.7160725
2411	35.76017335	139.6286881
1075	35.72359049	139.6832657
1408	35.68855064	139.6986616
2309	35.77783178	139.7208863
2234	35.6825552	139.7745681
1884	35.67345227	139.7961599
1380	35.69668688	139.7601351
1795	35.68130029	139.7692358
861	35.70222167	139.7451496
2033	35.73178195	139.7104579
2120	35.69997164	139.7708103
1928	35.66512407	139.8352075
1004	35.53893136	139.6804118
965	35.698357	139.772203
1750	35.5611752	139.7137383
1048	35.68989257	139.6916234
1101	35.65686825	139.7545472
1188	35.68741781	139.702127
2141	35.65640446	139.7960023
2302	35.65733684	139.7796887
2772	35.67440226	139.4731361
1424	35.67226258	139.766618
582	35.658509	139.695591
939	35.60574112	139.7353127
2075	35.60708801	139.653351
2231	35.62640244	139.7380954
533	35.69507281	139.7002441
2133	35.66690849	139.7405266
2257	35.67964447	139.7123837
1451	35.69770848	139.7716123
1570	35.69090337	139.7000456
507	35.72875741	139.7112697
1306	35.68299529	139.7017273
2236	35.572459	139.684498
2154	35.67490449	139.7635147
2719	35.75127084	139.7092456
2512	35.69029341	139.6997398
1832	35.68920776	139.6980922
14	35.65874332	139.6990424
20	35.64326004	139.6986723
22	35.66558604	139.7390449
23	35.68082969	139.7680879
1906	35.71206615	139.7964549
535	35.7435342	139.728713
27	35.70858152	139.8046196
146	35.68402796	139.7744501
735	35.7752231	139.7859896
1233	35.69168542	139.7011372
2344	35.70883962	139.6648674
97	35.76343373	139.6764877
1829	35.7845842	139.810793
35	35.69728373	139.7737715
36	35.69610771	139.7752696
37	35.69475909	139.6981949
650	35.74931171	139.8050541
1550	35.62903824	139.7397637
561	35.67020564	139.7498167
1577	35.55192096	139.5792818
1473	35.55260181	139.5796144
68	35.69442363	139.7430789
2014	35.6552411	139.6937585
74	35.64480273	139.537041
75	35.65163193	139.5462558
188	35.66903442	139.4952375
81	35.65900484	139.6953303
899	35.69833581	139.7730339
84	35.69085544	139.7359228
91	35.7332059	139.6986938
605	35.6895059	139.6973781
1371	35.60749358	139.6688192
99	35.65786941	139.6987957
100	35.65693906	139.7025179
2247	35.70872818	139.664962
2686	35.66559706	139.6984491
120	35.71166954	139.7756441
1173	35.63022857	139.7913668
2537	35.68036781	139.7615969
828	35.70236472	139.7705269
2351	35.701263	139.772092
365	35.65906803	139.700574
293	35.69129549	139.7354722
1023	35.67198367	139.7639573
1081	35.67995385	139.7202158
1722	35.678439	139.762883
459	35.54505978	139.769032
1553	35.64434118	139.7556183
551	35.72176134	139.7256768
638	35.72978315	139.7106832
259	35.69834017	139.7731143
1246	35.70072311	139.7724169
1757	35.70402295	139.6652627
1578	35.65926051	139.7024879
2382	35.80072052	139.6192789
495	35.70220544	139.580353
641	35.70077757	139.7706628
2531	35.60728903	139.7354275
416	35.76220185	139.8249292
1739	35.68409768	139.8819396
497	35.69374399	139.7015262
1015	35.67987977	139.7683668
1574	35.7098556	139.7737607
297	35.59997912	139.6123394
1320	35.75131872	139.7101307
236	35.60740648	139.7339307
1068	35.54990457	139.7151947
404	35.65060102	139.6843064
1168	35.69213199	139.7827542
2281	35.66713335	139.7403869
2384	35.64367419	139.6692914
744	35.66426984	139.7846532
2226	35.71133439	139.782722
1571	35.52780822	139.6972883
1502	35.64705268	139.702422
1919	35.70256254	139.7737849
1321	35.74079328	139.7081478
419	35.70074925	139.7719181
1486	35.69439313	139.7020841
2356	35.65972836	139.7234344
1579	35.62868124	139.7393782
2166	35.69405549	139.7494814
1332	35.69075524	139.74751
2209	35.66251234	139.7341345
2165	35.63414063	139.7167142
1364	35.68919329	139.7024998
1369	35.73781504	139.6535602
1416	35.55308701	139.6466863
1721	35.67178321	139.6887159
2558	35.69975165	139.7467804
2363	35.69309102	139.6995031
362	35.62520987	139.5689392
2532	35.5770256	139.6595201
2061	35.71454993	139.7780855
2292	35.692349	139.701094
2308	35.68102142	139.7680074
1792	35.68855499	139.5150375
1199	35.63462786	139.793247
545	35.6336436	139.5352614
1547	35.57898863	139.7052611
1729	35.67713453	139.7183704
173	35.62986668	139.7942662
1677	35.65867358	139.8173869
463	35.68957997	139.7014578
670	35.6933606	139.7823787
1198	35.77768109	139.7212598
2385	35.71711631	139.8581187
2771	35.58534553	139.6748382
2253	35.66569936	139.7225869
2784	35.66808763	139.7673154
678	35.63281411	139.8803115
1704	35.66505597	139.7124581
1848	35.74764424	139.8275149
762	35.67639373	139.8084176
2436	35.63847143	139.7286162
990	35.57130736	139.6856174
740	35.58046798	139.6435985
270	35.61068909	139.7484756
391	35.71300698	139.7758341
1162	35.67189216	139.7996038
1318	35.66017511	139.7009763
1247	35.65495996	139.7483683
1898	35.7336343	139.7387454
1988	35.61567231	139.7150351
263	35.69849482	139.7725135
2632	35.66744263	139.7888482
657	35.53137058	139.7002172
1869	35.69898928	139.8164642
2184	35.69775205	139.7724169
2798	35.66879424	139.8225436
2315	35.59634728	139.7117722
2488	35.63478816	139.8768698
1535	35.71966061	139.6531728
480	35.78669651	139.7061825
1055	35.70067084	139.7728515
287	35.65906803	139.7005793
1989	35.72205552	139.4800501
1568	35.66730317	139.7277743
1253	35.64542506	139.7474676
2542	35.68301272	139.739399
770	35.72770157	139.7709846
1027	35.65563993	139.7567368
1863	35.5920655	139.6812745
2169	35.68394082	139.7011346
709	35.69938571	139.6356672
783	35.70464525	139.6197669
1472	35.61055963	139.5925386
2712	35.73213467	139.7915304
1036	35.69901542	139.7746325
195	35.60509964	139.702483
1896	35.72535863	139.7204331
1494	35.69932145	139.7700834
1308	35.72859539	139.7197712
584	35.69758487	139.8260772
2086	35.68812097	139.700305
934	35.67804091	139.7149265
1938	35.63078231	139.790597
1509	35.73068893	139.712373
2206	35.61599137	139.7150284
2278	35.66203836	139.6989405
1814	35.62234065	139.6841884
909	35.66155021	139.6987501
201	35.64294616	139.7341526
1154	35.74029913	139.7096854
2752	35.71739517	139.7713481
457	35.66582139	139.8038685
2112	35.61931161	139.7764617
2565	35.71414379	139.8033643
1639	35.5862704	139.7329402
1033	35.58532808	139.6688461
1454	35.66355944	139.7290188
1657	35.7302099	139.711135
1385	35.73022733	139.708972
2179	35.70027877	139.7714138
2316	35.72755	139.7130311
2540	35.73087618	139.7098035
1123	35.6414988	139.5208526
1037	35.73002287	139.71113
2378	35.65571818	139.7391574
1107	35.72899831	139.7713656
352	35.61044406	139.6944076
1990	35.66994852	139.7068691
2136	35.72929978	139.7124696
2445	35.69924631	139.7721541
2060	35.67207083	139.8270428
893	35.69971897	139.7644749
1981	35.65556847	139.7366049
915	35.6983968	139.7726476
2716	35.58580306	139.6527153
2070	35.66941398	139.706198
1201	35.70313647	139.7714943
229	35.699527	139.770389
1111	35.72729221	139.7113591
2213	35.70173813	139.5248222
2089	35.53095149	139.694767
2452	35.69304691	139.7479928
1823	35.53094713	139.6947214
1505	35.68923904	139.6997881
1851	35.68038874	139.7683004
761	35.65815055	139.6985221
993	35.67705409	139.6761605
1716	35.64203503	139.8034716
1059	35.68084712	139.7688818
1481	35.61160219	139.6263395
916	35.72840705	139.720645
2057	35.69938571	139.7715747
1317	35.72021089	139.7841704
2171	35.7035416	139.7513938
2119	35.61010388	139.6249437
830	35.69840987	139.7739083
809	35.65091923	139.5417845
1405	35.67514526	139.7597516
2288	35.70117399	139.770982
1929	35.6922627	139.7052222
2739	35.70998866	139.6678075
1840	35.660132	139.699297
2240	35.65473984	139.7611436
1327	35.62701943	139.6259522
2594	35.70133591	139.7709351
2026	35.69569051	139.6983504
2097	35.66418847	139.5112499
833	35.64355648	139.6813345
727	35.75932885	139.8027635
149	35.712946	139.704026
1392	35.67176578	139.7345978
2220	35.729729	139.7148488
2555	35.67052333	139.7055447
996	35.57907349	139.7349948
1682	35.69374617	139.7045141
2499	35.69931928	139.7702175
1842	35.70773865	139.7682166
255	35.6943365	139.7887033
2102	35.68331331	139.6154094
764	35.66991778	139.703196
2735	35.58508789	139.650607
2655	35.535961	139.6753381
2648	35.68850489	139.7072446
1734	35.66166353	139.7005311
241	35.74275918	139.7808874
324	35.66724651	139.7089237
2486	35.68241926	139.639653
773	35.69694174	139.7732806
194	35.69548665	139.7728072
1971	35.68365542	139.7850662
1813	35.66047367	139.7292602
490	35.64674753	139.5640898
819	35.72989885	139.7136287
1290	35.67549605	139.7648478
608	35.69272016	139.7031489
191	35.76133126	139.705528
1274	35.67210569	139.7123221
1485	35.70754555	139.6655204
2067	35.67286396	139.7360569
326	35.697973	139.7866304
2496	35.57711252	139.5586256
205	35.69151662	139.6983942
1728	35.67162633	139.4809628
1858	35.69974729	139.7655183
734	35.55257562	139.7392756
1617	35.56912807	139.6953624
1698	35.7007841	139.7664356
655	35.66605128	139.6413414
2148	35.57918242	139.7405915
1745	35.69807878	139.7731063
2596	35.70154138	139.771056
1533	35.66030005	139.7296303
1507	35.80755323	139.7139797
2237	35.63743778	139.7252101
782	35.70205613	139.767943
763	35.63019805	139.7948992
447	35.71185708	139.7740155
2131	35.669066	139.679844
2126	35.74054024	139.6169735
1843	35.73027741	139.7177267
1797	35.70481794	139.5791638
1595	35.7065168	139.7761774
1513	35.66644897	139.6985757
2395	35.69156561	139.6999598
931	35.72991815	139.7159967
1184	35.68969869	139.6973661
1603	35.698827	139.7718886
323	35.65759264	139.543587
817	35.70185139	139.7713856
312	35.70112498	139.7705555
539	35.65457638	139.7924209
684	35.67611347	139.7134953
724	35.65856462	139.7454768
2737	35.66029497	139.7634745
2106	35.67317337	139.7363976
2495	35.71188321	139.7703838
881	35.70477438	139.6353722
2013	35.701366	139.771255
2557	35.65398358	139.8826504
898	35.67483368	139.7644025
1705	35.70091261	139.7712368
2390	35.64561139	139.8105419
1386	35.79465086	139.5137715
1841	35.66249163	139.4856405
1250	35.69831403	139.7748148
1104	35.705837	139.721117
2751	35.67135967	139.7056494
1113	35.77741398	139.7212619
446	35.68355302	139.7665349
2626	35.70067053	139.7726636
835	35.70846826	139.7536039
2244	35.69441946	139.7004236
2521	35.66641846	139.7572839
558	35.70513862	139.6199455
682	35.67580981	139.7448921
1771	35.65178668	139.7851896
1641	35.69732076	139.8126608
1724	35.70280105	139.7710061
883	35.65723959	139.6936405
1103	35.70709832	139.7529361
231	35.700941	139.770555
1302	35.66070903	139.7062361
1189	35.68076	139.773452
434	35.70351982	139.7742301
1074	35.68958541	139.6977925
2252	35.63203802	139.8808372
1623	35.59989777	139.6135939
2725	35.66899411	139.7003889
1759	35.71335543	139.7050238
2768	35.68825436	139.7000456
292	35.70122844	139.7717598
1638	35.77656531	139.6314991
358	35.69988183	139.770556
1516	35.64613723	139.8274183
2313	35.65678628	139.748202
1804	35.6894792	139.6973721
2264	35.71537641	139.7758234
2709	35.67154571	139.7037578
913	35.67430421	139.7653869
340	35.72866507	139.5642313
1452	35.66381658	139.7308722
1964	35.61344815	139.6270367
1831	35.54379398	139.6025875
1219	35.60359662	139.5084929
1713	35.62592061	139.7822231
461	35.65633045	139.7572842
1169	35.67757029	139.7636569
950	35.70035282	139.7717504
2658	35.65468099	139.7585392
1466	35.65982425	139.6982002
468	35.65700857	139.7525418
1762	35.69851878	139.7756839
2442	35.65640707	139.7952533
2376	35.54919751	139.5781875
298	35.69876819	139.7708599
1038	35.53112033	139.6950751
1307	35.66459236	139.7846049
1878	35.68315651	139.8258626
2277	35.54872831	139.7540324
2280	35.730963	139.716429
2425	35.69739482	139.7736454
1672	35.65389858	139.6465523
1394	35.67377039	139.7560716
2293	35.69796225	139.7737581
206	35.67172778	139.8369678
1234	35.65623465	139.7030215
1284	35.67435318	139.7649858
947	35.70123933	139.7720334
1267	35.69870393	139.7709927
955	35.70205178	139.7722238
487	35.65855936	139.7454787
1242	35.65958453	139.6987098
1430	35.67211441	139.7632277
218	35.69904656	139.7752228
1489	35.64686959	139.8504639
320	35.69746615	139.7859755
905	35.68611896	139.7021688
2427	35.73158599	139.7293407
1153	35.70653422	139.6164411
908	35.74236297	139.648633
1752	35.69802651	139.7737527
2696	35.65923584	139.6990854
2071	35.68478611	139.7660279
2050	35.66337511	139.8731841
2122	35.72766237	139.7114718
2286	35.70030055	139.7726583
408	35.64913964	139.699375
2167	35.67286396	139.7504926
423	35.60935047	139.7429046
1583	35.63413736	139.7071427
997	35.65746624	139.6950915
2002	35.62775632	139.7350216
2728	35.54819801	139.7850448
2224	35.72981364	139.7142828
2678	35.65750764	139.7020192
141	35.72736407	139.5392472
708	35.56193058	139.7148955
152	35.69926155	139.7739056
1822	35.68956363	139.6969382
1141	35.66967396	139.7670364
514	35.73169486	139.7128773
966	35.55355363	139.6469852
628	35.76507475	139.7357082
1740	35.624903	139.739363
2345	35.726817	139.7118234
1696	35.6617421	139.7298248
1288	35.69269402	139.691087
2368	35.65943633	139.6976826
1261	35.69908048	139.7726785
843	35.67489033	139.7638553
1414	35.60261088	139.6194398
1458	35.55396785	139.6447653
1491	35.69031084	139.8459363
2225	35.627941	139.738602
1174	35.64066176	139.8034286
711	35.62541865	139.7240216
2525	35.64873533	139.6931255
646	35.66206233	139.7026446
1133	35.77444142	139.5683491
1936	35.68383189	139.7445917
1747	35.689975	139.698249
1720	35.65794152	139.696585
2553	35.72237936	139.65257
2726	35.69884987	139.7747397
1947	35.69807007	139.7726583
856	35.6555172	139.7943292
2204	35.55050687	139.5754194
1467	35.66007268	139.6952793
1304	35.71447325	139.7773066
450	35.61501015	139.542219
540	35.68131772	139.7666126
1361	35.72963509	139.7131884
1580	35.65880979	139.697122
1025	35.64382241	139.6706486
1475	35.62911596	139.7164865
1028	35.7702385	139.6455803
1846	35.54319162	139.7412443
1039	35.6438551	139.5253158
693	35.55059416	139.7841167
211	35.83084007	139.7359711
172	35.681248	139.7674924
1338	35.69331049	139.703688
623	35.58733704	139.6294311
1020	35.55303825	139.6467447
588	35.66943863	139.7672296
2561	35.55308603	139.6484149
1089	35.736079	139.747211
477	35.59983596	139.6108886
519	35.53164998	139.6971542
426	35.62049173	139.7044069
305	35.6827295	139.7788489
2196	35.70225434	139.752287
1326	35.65410563	139.5666647
1793	35.65864743	139.6956575
2047	35.703643	139.6263
2513	35.67088003	139.7642617
1501	35.69005706	139.697412
1973	35.70090608	139.7357082
820	35.70065465	139.7692539
2001	35.56248851	139.7156236
662	35.66662329	139.7107905
943	35.60491568	139.7027024
2021	35.65859949	139.6982539
691	35.68759209	139.6972078
2094	35.65334718	139.5427179
1079	35.68137436	139.7677821
1314	35.68143537	139.5490801
2515	35.66350233	139.6990923
1903	35.6738314	139.7510183
2516	35.6961641	139.761326
1096	35.56380224	139.715074
2504	35.70996232	139.7731975
1295	35.59845247	139.7388022
467	35.65578813	139.7370279
1873	35.70736349	139.751147
787	35.67576109	139.7148057
1649	35.707279	139.75165
2250	35.72721382	139.8282766
499	35.62925625	139.7387552
2518	35.69114523	139.6984092
138	35.69070402	139.7784203
2361	35.68116085	139.6980715
1142	35.6913878	139.6982147
766	35.65642886	139.5446223
798	35.72495361	139.8194844
1115	35.63995551	139.7888911
836	35.67497313	139.7770786
715	35.70108904	139.7432131
2187	35.66844761	139.6503729
2263	35.56100719	139.7149372
2324	35.70776043	139.7046429
2519	35.69795136	139.707427
2117	35.66099233	139.7095728
567	35.62872311	139.7397732
1378	35.67401602	139.7450112
2087	35.62662264	139.7771215
2029	35.62753831	139.6242893
2637	35.69924195	139.7626859
2100	35.63216446	139.5774096
2523	35.66456621	139.7394848
144	35.66291876	139.7599554
2400	35.69952947	139.7650623
432	35.53960359	139.6889627
2498	35.65781929	139.7036666
2419	35.60332619	139.7462815
474	35.65674411	139.5410002
832	35.65719382	139.5418355
1733	35.65739214	139.5412427
2109	35.65082333	139.760575
1429	35.65679936	139.5404112
2381	35.69746452	139.6690232
813	35.65881742	139.7321624
1895	35.64412321	139.6983933
470	35.66046059	139.7293782
841	35.69808368	139.7714581
2631	35.62869814	139.7396564
2127	35.65693883	139.5418757
1230	35.698167	139.7703691
980	35.70075361	139.7709525
1686	35.65461561	139.5426911
2268	35.55055669	139.7892661
2662	35.55048701	139.789464
517	35.58836876	139.7289062
1974	35.68113471	139.7668594
2490	35.63829883	139.6327007
249	35.70605942	139.7165465
2379	35.70150507	139.7521421
1593	35.74994154	139.5434516
1056	35.69505099	139.7666717
1165	35.66654485	139.6969986
226	35.66303047	139.7011017
2110	35.67369413	139.7630078
864	35.56124284	139.7160101
1709	35.59688926	139.6673193
1186	35.65619785	139.7562593
1406	35.66548907	139.7610886
1069	35.68352252	139.7665644
1149	35.60697244	139.68539
1956	35.74843662	139.7697937
1876	35.68694289	139.7654432
1282	35.68902013	139.6988878
1102	35.78695761	139.6739531
643	35.70207356	139.7714245
1751	35.62246765	139.7224856
2188	35.71286324	139.7049715
2144	35.65838591	139.7019929
765	35.69541694	139.7414857
2584	35.70040074	139.7424996
2334	35.68536126	139.7742891
1844	35.69186683	139.7019797
2311	35.68933489	139.6897459
2192	35.7452671	139.7148955
808	35.74843938	139.7027173
1309	35.68972102	139.7069583
2670	35.69479394	139.7463459
363	35.60493159	139.7027921
2176	35.7038596	139.772146
2677	35.6248992	139.7034503
233	35.66264854	139.7091812
1643	35.65869973	139.6994126
1137	35.62896848	139.7409707
1665	35.68111721	139.7725104
750	35.79711117	139.6001872
2450	35.70750125	139.665665
2685	35.75492121	139.7403216
1963	35.64781727	139.7464015
2124	35.73572613	139.735198
775	35.60542518	139.6615038
1948	35.86414992	139.7045224
2409	35.71932241	139.7075343
1543	35.72686108	139.7122577
834	35.69973858	139.7725511
769	35.67866839	139.7870564
1277	35.7003049	139.8154101
2392	35.66220999	139.7345394
581	35.67812806	139.7223294
1000	35.69777165	139.7574046
880	35.68913883	139.6992677
731	35.79450292	139.7907847
1589	35.73169921	139.7131482
2051	35.6565727	139.7006518
202	35.69275065	139.7284126
2667	35.71245816	139.7763276
2614	35.68876631	139.6981251
2318	35.69796334	139.7737809
1446	35.52929692	139.6966392
1955	35.68018027	139.7683553
2441	35.66801118	139.715213
2229	35.69841205	139.7700512
1777	35.65611504	139.7565705
304	35.70350457	139.5802045
1999	35.69792849	139.7752333
1652	35.68806919	139.6983773
1310	35.69827482	139.7734094
1854	35.6555375	139.7003406
1128	35.68170117	139.7693217
496	35.70588442	139.6540095
780	35.73748956	139.672911
2607	35.73732083	139.6725234
488	35.67458965	139.7776794
1976	35.64644238	139.7457075
486	35.72344949	139.7505509
610	35.66605673	139.7582173
2538	35.56238846	139.7155039
2327	35.65236206	139.4879794
1420	35.53228734	139.6958935
1772	35.66901154	139.6796179
1600	35.66421754	139.6977496
2274	35.672074	139.765128
1088	35.70921747	139.6655041
2227	35.71291986	139.7928447
2217	35.69964037	139.7705468
563	35.66099015	139.6975619
1961	35.6988673	139.7647512
2017	35.68916061	139.7023255
1092	35.53017441	139.6978354
1855	35.6956522	139.760685
2704	35.66780435	139.7610766
1614	35.73036668	139.7107637
393	35.69899363	139.7729373
1526	35.66192504	139.7010756
974	35.6900396	139.6980452
2284	35.69818769	139.7739458
1060	35.69790235	139.7743723
824	35.69829661	139.7576219
676	35.66126691	139.6982485
2500	35.70936775	139.7728649
1927	35.70300579	139.7732726
565	35.66489962	139.7842589
2526	35.70463063	139.6199816
644	35.69158304	139.696945
681	35.69793284	139.7749382
1209	35.691401	139.7014308
2398	35.65930994	139.6994984
347	35.69246747	139.7033769
1669	35.60392374	139.6725637
1912	35.69888146	139.7801766
975	35.68980172	139.7012064
2056	35.617038	139.7412887
2767	35.69541694	139.7513938
2291	35.666657	139.804453
1119	35.65999314	139.7019017
2242	35.68926367	139.6975715
2355	35.67206212	139.7842455
2350	35.68703003	139.7007215
2121	35.70794991	139.7090283
2582	35.72399931	139.7701312
2562	35.65649425	139.7361588
1395	35.62437048	139.7233379
1360	35.52311054	139.6914867
1484	35.54088692	139.7077864
1907	35.67290318	139.7983056
2046	35.69001892	139.7003353
1510	35.68274693	139.7556961
1402	35.65591998	139.6536132
2346	35.55112663	139.7878718
2164	35.72989614	139.7130751
286	35.69776512	139.8264903
779	35.70426907	139.7707164
2028	35.55041085	139.7467053
102	35.6906376	139.6954
330	35.65712626	139.5434797
1774	35.65397486	139.7619349
803	35.6710056	139.7185215
2494	35.697854	139.772448
1428	35.69108636	139.7356439
1612	35.6963645	139.7614011
1218	35.68122186	139.7683346
837	35.66038541	139.6989432
1954	35.70207356	139.7553152
1916	35.53037175	139.6972239
1042	35.71636946	139.7764993
2430	35.64882246	139.7739216
2688	35.70002261	139.77029
985	35.67877297	139.6353722
917	35.66108822	139.6973526
1602	35.62781342	139.7385957
2435	35.67701687	139.7370493
594	35.62289444	139.7472525
2602	35.61831191	139.833956
2340	35.55114409	139.7890842
458	35.64906392	139.6998651
1411	35.65714369	139.543469
2271	35.63998167	139.8621798
788	35.70132032	139.7462819
2422	35.62272438	139.7503638
1196	35.67121668	139.764998
2465	35.71177867	139.7960901
664	35.66158334	139.7029267
1712	35.67534786	139.7657446
1301	35.69642767	139.6984524
619	35.68891662	139.7018909
2180	35.52490931	139.6821284
357	35.52474341	139.6456075
1776	35.65468099	139.7370172
344	35.70905631	139.7195023
2031	35.65707069	139.5302148
356	35.65816362	139.7015852
1197	35.71445304	139.7888964
586	35.71263675	139.7042969
1437	35.70518648	139.5790634
614	35.68890573	139.6985248
2118	35.73011847	139.7172225
1986	35.69044154	139.6999168
895	35.71002548	139.7743347
1607	35.68888177	139.6971542
1054	35.56160439	139.7145713
1367	35.657331	139.782298
2380	35.63168267	139.7302982
579	35.69247618	139.6995977
2505	35.69258046	139.7011996
2339	35.69132163	139.7054315
839	35.70750125	139.6646833
1701	35.70975324	139.7186601
2487	35.70903017	139.7189766
2178	35.7094614	139.7736293
528	35.64907098	139.7106403
2449	35.72906027	139.7189847
1490	35.6527195	139.7590542
2676	35.6825446	139.7011516
1412	35.77754003	139.7209605
1828	35.69813923	139.7758006
1950	35.69211724	139.7018198
2627	35.74927998	139.8050736
1997	35.82271971	139.6417665
928	35.70343487	139.5770583
1905	35.65862128	139.6955502
1108	35.70168	139.7716437
846	35.68252906	139.7722614
1084	35.66157636	139.702481
2657	35.70074054	139.7719288
1286	35.70102471	139.7692662
436	35.77977714	139.7208857
2548	35.69898928	139.7746861
2279	35.85921567	139.6561553
187	35.65859513	139.6995413
1436	35.69955343	139.7703946
489	35.68886652	139.7024301
2572	35.66241043	139.6971078
776	35.57074472	139.7499146
1289	35.65246886	139.5452178
2367	35.69914829	139.7716713
1058	35.72820673	139.7134137
1883	35.74249717	139.7811861
1660	35.68198004	139.7686458
654	35.74196294	139.6479403
2573	35.62890743	139.7406864
658	35.71094618	139.7974802
1866	35.69099922	139.7697589
1575	35.77884146	139.7814882
1216	35.5670412	139.7283402
680	35.60353011	139.5073584
1628	35.53564925	139.7261676
166	35.70569377	139.6656996
2216	35.67075692	139.702837
868	35.68794066	139.7200656
911	35.65546667	139.7470728
2393	35.65461016	139.7451878
1958	35.58962112	139.7292761
1138	35.6679133	139.7926998
2375	35.61161512	139.626454
1528	35.61054404	139.6258763
2016	35.60709523	139.6850629
2432	35.65557564	139.5443259
1775	35.69024984	139.7007108
2012	35.69781522	139.7737741
2201	35.66754286	139.7573215
701	35.84610863	139.6479678
1881	35.630095	139.5505912
1150	35.67841565	139.7661191
1500	35.66812685	139.7410619
466	35.604373	139.683963
2314	35.67390984	139.7411048
2693	35.80772664	139.7143119
771	35.63294491	139.7932792
1440	35.72931524	139.7147508
407	35.69133034	139.6992195
2035	35.705951	139.717834
1311	35.62648247	139.6313894
2394	35.68978365	139.6843064
1925	35.660213	139.699314
442	35.68960502	139.6916664
826	35.71253656	139.7752869
1667	35.71033723	139.7753545
2183	35.53056514	139.6996003
1067	35.70703952	139.7819281
1224	35.71425268	139.7769928
1014	35.66780435	139.7810858
2510	35.69945106	139.7651857
884	35.65563918	139.7924864
1546	35.53663854	139.7343698
983	35.72837221	139.7111231
345	35.6998947	139.7704576
1207	35.64659059	139.7110856
2535	35.70231701	139.579352
633	35.67872286	139.693552
2099	35.80096852	139.7185099
151	35.702139	139.771766
2256	35.632411	139.883274
2665	35.63062535	139.8831439
433	35.67309928	139.7407615
948	35.65847744	139.7008878
261	35.62679705	139.774375
1791	35.66728582	139.804663
852	35.68808008	139.798193
1064	35.67160236	139.7028834
2238	35.68389724	139.4725943
1934	35.68090812	139.768399
1195	35.77019348	139.6609068
2623	35.70119359	139.7712663
1952	35.702466	139.578725
367	35.60883038	139.6726978
1957	35.73012097	139.7165064
1345	35.70850747	139.7525096
2243	35.71074353	139.7984965
445	35.65793261	139.697991
531	35.68289072	139.6871683
2139	35.66072646	139.6964461
1731	35.6948913	139.76744
963	35.73076732	139.7103775
2005	35.68559655	139.7733772
1803	35.64223992	139.8255301
2048	35.6605372	139.6971278
435	35.700566	139.770775
1890	35.66269212	139.7330233
2020	35.703543	139.636866
869	35.62475638	139.7758448
1071	35.69924195	139.7709364
2448	35.62869378	139.7370332
1504	35.71454768	139.7771319
2008	35.66665816	139.7413301
2174	35.69163314	139.7018641
2027	35.6649323	139.7669291
1269	35.66559912	139.6732235
2319	35.70235236	139.7546554
2666	35.63196188	139.7132596
1495	35.705171	139.664474
2706	35.72818001	139.7118133
1980	35.65796748	139.5700657
2415	35.70032596	139.7625649
2042	35.69556791	139.6985338
2135	35.68736771	139.7038221
1727	35.53767419	139.7331119
1331	35.69587874	139.8142165
2493	35.62803538	139.7410485
1263	35.70478309	139.7534966
2401	35.59890338	139.6116507
1341	35.69829225	139.7728515
2323	35.65975451	139.6995521
525	35.61922799	139.729746
2577	35.73078038	139.712432
2335	35.71367	139.796636
1052	35.71715462	139.7368993
2473	35.70066866	139.7712421
1478	35.657786	139.703005
866	35.73077385	139.7154763
2672	35.65518879	139.7978631
1681	35.69962967	139.7689059
2482	35.52944641	139.6991372
721	35.6824332	139.7739244
1223	35.712986	139.775665
1024	35.68344409	139.6571302
1259	35.68228287	139.7661419
1239	35.5726166	139.7321677
112	35.68135694	139.7665215
116	35.80382044	139.5562416
2114	35.66489236	139.760184
160	35.70686128	139.6665219
168	35.61973733	139.7285843
179	35.693622	139.6997023
1690	35.731348	139.713095
1179	35.63113112	139.7957361
1192	35.63285335	139.7983003
2727	35.71390865	139.7767424
612	35.80013316	139.7300434
219	35.60724284	139.7339004
220	35.65579871	139.7004585
221	35.66398219	139.6784914
222	35.72454424	139.6146595
2773	35.78770608	139.6142578
227	35.72129098	139.7781515
1640	35.64805571	139.7416423
254	35.73001461	139.7156785
907	35.69099744	139.7001244
258	35.66002038	139.704144
266	35.67530431	139.761672
2759	35.64909714	139.4892803
277	35.67060657	139.5010579
284	35.68941753	139.6970929
289	35.74257087	139.7970316
294	35.69504663	139.7927159
296	35.69914175	139.7729588
302	35.80304384	139.7185957
2342	35.70612301	139.7721943
306	35.5992755	139.6123722
2586	35.66088936	139.6968082
313	35.74338082	139.8175266
2568	35.71294164	139.759647
316	35.7279106	139.7447205
319	35.67058914	139.4900769
398	35.69587003	139.7581637
322	35.65152514	139.6361446
332	35.64998639	139.5435441
338	35.65217681	139.5445646
339	35.6967457	139.7734925
341	35.69651044	139.7711509
343	35.61202718	139.6279317
1086	35.7060475	139.6659637
2481	35.70575885	139.6664321
348	35.61488368	139.5666647
349	35.62909961	139.7773715
1664	35.71409905	139.7768872
374	35.69062998	139.7023603
380	35.6918961	139.6987433
385	35.72659924	139.6948341
387	35.65955014	139.6982367
390	35.68357917	139.6864361
392	35.6995469	139.7707701
396	35.53058478	139.6995038
405	35.69431036	139.7602665
406	35.70080281	139.77175
2692	35.73030136	139.7144276
410	35.69953818	139.7704388
413	35.69837611	139.7751568
422	35.67472909	139.7395384
2421	35.62712626	139.8874488
438	35.54951052	139.7826091
441	35.699534	139.764529
443	35.68958429	139.6969236
815	35.65907021	139.698911
448	35.699472	139.76941
451	35.69732511	139.7725511
1455	35.68993614	139.7037256
455	35.65890023	139.7032642
469	35.64629416	139.7104311
1735	35.62885511	139.685272
506	35.68973819	139.7022584
511	35.62559836	139.7238736
513	35.70175991	139.5066047
543	35.70739671	139.773345
2371	35.53186826	139.7001958
564	35.70090913	139.7697731
571	35.70152903	139.7711563
573	35.6890299	139.8156703
576	35.73049733	139.7156373
1094	35.69955016	139.7749476
589	35.6752128	139.7659528
606	35.65640707	139.6995521
607	35.69703758	139.8134065
609	35.68902909	139.698105
611	35.62766912	139.7384334
1891	35.54474551	139.7685492
626	35.61548114	139.7775024
632	35.73307924	139.7990139
635	35.70251354	139.7719663
637	35.67939925	139.7577334
639	35.69313623	139.70184
645	35.69879755	139.774162
652	35.55334681	139.6468788
2353	35.72956542	139.7212136
672	35.62901208	139.7395921
679	35.698057	139.7722936
687	35.73879475	139.6616149
697	35.63292202	139.5173462
700	35.69439967	139.7019365
720	35.69168062	139.6955122
725	35.66030369	139.6984255
726	35.75476666	139.6067047
728	35.64868302	139.7900552
733	35.681709	139.6275374
739	35.69218427	139.6971166
1325	35.65981117	139.700354
1893	35.67480589	139.7632837
936	35.76662433	139.8476636
1335	35.63029398	139.7953391
2579	35.65694755	139.6955127
2491	35.61005155	139.5734668
2322	35.66768668	139.7156346
2329	35.65849622	139.6954774
1443	35.6595976	139.6984148
949	35.63056866	139.7143364
753	35.68034335	139.7684003
2036	35.66536813	139.7263741
2675	35.6592511	139.6979079
2295	35.70037352	139.7702082
1763	35.70081024	139.8158097
2092	35.53107154	139.7007
784	35.82194843	139.6773517
1135	35.85303961	139.7339058
1442	35.73371973	139.7681254
1806	35.6854179	139.8171535
781	35.72883164	139.7103426
2649	35.69178998	139.7703959
1924	35.67094859	139.7267569
1275	35.69767472	139.7724129
2679	35.67991027	139.7679082
827	35.67314744	139.76706
2471	35.69766492	139.7744823
2245	35.65283686	139.881616
970	35.6810432	139.7668701
2620	35.67530431	139.766205
1389	35.66006724	139.6959753
1236	35.62754737	139.7727734
2720	35.7206769	139.7802597
992	35.69927898	139.7745949
1646	35.68039395	139.7345924
1560	35.69851661	139.7736615
2197	35.69308612	139.6953571
2330	35.53073321	139.6975994
1085	35.53210399	139.6955824
2076	35.64159035	139.7132796
2560	35.53417322	139.7193789
2146	35.64241866	139.713918
1175	35.62884203	139.7950816
1561	35.53786408	139.7418317
2707	35.661198	139.700641
1557	35.65576415	139.7004238
1984	35.69124855	139.6978507
2426	35.71888688	139.7764564
2788	35.618932	139.728144
1255	35.63459298	139.8855472
2259	35.54414317	139.5723724
2080	35.69771284	139.8273164
1300	35.66185966	139.6984792
1766	35.65757411	139.7032656
1470	35.71192241	139.7755471
1453	35.68963679	139.7710261
2559	35.62799831	139.7385608
1228	35.72926679	139.7095142
2674	35.65728753	139.7036344
1748	35.6979	139.772406
1114	35.69914175	139.7723848
2569	35.6524318	139.5439464
1680	35.65821593	139.6970147
1707	35.73045378	139.7102165
1433	35.70408325	139.5809469
1683	35.69795175	139.7680009
2357	35.70145497	139.7720844
2483	35.55517676	139.7878718
1040	35.78543236	139.7336724
2492	35.85919866	139.6571588
2248	35.5363297	139.7082746
1283	35.56294039	139.5578402
1194	35.62608195	139.7811556
1229	35.6253494	139.5188999
2034	35.71184183	139.718923
2304	35.6877819	139.5588647
2032	35.69574151	139.7013894
1622	35.70664095	139.7600064
1789	35.65785743	139.7088151
2750	35.69612271	139.5705056
2778	35.68427197	139.8649585
810	35.65059666	139.5408028
1002	35.6838101	139.8643255
1659	35.8333141	139.7068612
1845	35.69589617	139.829371
1080	35.56373389	139.7155837
1431	35.70427125	139.5809743
1241	35.5588259	139.7240771
1817	35.65942588	139.7005233
2740	35.67842001	139.7632599
995	35.53189445	139.6954215
2604	35.72233132	139.6445862
925	35.71055471	139.760288
1818	35.59140061	139.7428429
1434	35.67170041	139.7652555
2615	35.75492774	139.7365397
2417	35.66284031	139.7599125
1671	35.68542226	139.7632384
2113	35.67358736	139.7627074
2052	35.70143754	139.7681201
2276	35.75463606	139.7703946
2479	35.66751236	139.6968269
2742	35.72972001	139.7137329
2508	35.66166034	139.6684595
1330	35.68557476	139.6906391
2757	35.72204225	139.7136337
1031	35.70172941	139.7720173
1769	35.68928478	139.6982217
1685	35.77256992	139.7976458
1217	35.6248087	139.7745895
1737	35.70952456	139.6651474
2175	35.70482683	139.6723228
2151	35.68962177	139.7025179
1413	35.69541694	139.7093904
2765	35.68499199	139.7741564
1248	35.70078846	139.8157829
2702	35.66049383	139.6684317
2077	35.689372	139.697008
1608	35.71271846	139.7256145
2082	35.66231919	139.7001394
2360	35.67179193	139.8356795
1941	35.7039293	139.5797297
1524	35.69892393	139.7747666
2543	35.70376802	139.5805811
2107	35.69897839	139.7716284
1904	35.73071262	139.7147708
1662	35.69832601	139.7717799
2377	35.61192078	139.6388057
2600	35.70052708	139.7727978
1427	35.53583205	139.667269
1967	35.73042703	139.7074535
1695	35.67715196	139.658761
1597	35.66112962	139.7009656
938	35.662203	139.670676
1830	35.65745316	139.5876074
1225	35.7147474	139.777731
1521	35.70213672	139.7718805
1902	35.72764931	139.7671437
2520	35.69112993	139.6926534
1391	35.66138895	139.6975565
1715	35.62654633	139.7380498
2522	35.69562328	139.7573155
1746	35.69583844	139.7597341
1508	35.68055082	139.7684097
1590	35.71393977	139.7766925
2210	35.67286178	139.4798684
1754	35.52817494	139.6979856
1700	35.66365096	139.7326103
818	35.66324781	139.7322884
2300	35.7084552	139.7693861
1359	35.76386902	139.6637017
1095	35.66692458	139.7311219
1418	35.66848368	139.7054699
2529	35.63639797	139.8820496
1265	35.6859059	139.7007644
1026	35.70066212	139.7418183
1536	35.66073954	139.697409
1960	35.69615538	139.7601217
2198	35.68347895	139.6985114
807	35.69845126	139.7758529
1032	35.64832992	139.7109032
2073	35.66577562	139.7582683
1826	35.61894349	139.7286026
2015	35.70056846	139.7707406
2103	35.66060878	139.6960759
2575	35.60620482	139.7359014
2255	35.63486983	139.7169247
1621	35.62667496	139.7380411
2443	35.69541694	139.7031677
840	35.695832	139.698202
1336	35.71324218	139.7771215
1457	35.60660001	139.7342151
1348	35.66268014	139.7310828
845	35.73784335	139.6538955
2383	35.69813358	139.750886
1605	35.56190458	139.714666
2193	35.644114	139.757498
758	35.6278696	139.7362912
2205	35.69887166	139.7704992
944	35.69065067	139.700346
2343	35.68904733	139.6980232
1839	35.62640462	139.6264297
2095	35.55133667	139.7810845
2068	35.73212596	139.7667789
2660	35.60833319	139.5609999
2096	35.70718762	139.6637607
2305	35.65679936	139.7571445
2391	35.76498755	139.8517997
2552	35.68726967	139.7001582
1765	35.53302948	139.694885
777	35.66863497	139.7056245
1633	35.73362829	139.7991586
2786	35.66046931	139.7292709
2000	35.58941466	139.6687227
2317	35.69226923	139.7717679
1764	35.69734145	139.7861217
1400	35.70663	139.719079
1784	35.67852023	139.7442806
1758	35.68006278	139.7141004
1171	35.69071167	139.7568226
2439	35.63063407	139.8799467
2249	35.62924099	139.7761184
2202	35.62815747	139.7752762
804	35.62590099	139.7714138
896	35.625393	139.775641
2433	35.64912329	139.7592849
888	35.64452427	139.670155
1139	35.67986234	139.7707486
2173	35.6429636	139.7130382
2283	35.77136865	139.734292
1373	35.6605067	139.7070058
1541	35.68433297	139.7025186
1943	35.68982722	139.6986991
1951	35.62474766	139.7813058
2168	35.64662547	139.7475529
1894	35.69544744	139.8168316
2128	35.68962245	139.7002387
2059	35.69880413	139.7704321
768	35.60928396	139.5549917
1569	35.67447635	139.6932864
2214	35.56324368	139.7156695
2570	35.68984698	139.7643469
1387	35.69901324	139.7701344
1212	35.66772591	139.700228
1388	35.69929858	139.7696033
1170	35.62398675	139.7430709
1492	35.68247677	139.7645044
2261	35.67162524	139.7032991
2485	35.71069845	139.8132133
1992	35.69360457	139.6981788
1827	35.66762262	139.7587278
1410	35.6568691	139.7593653
2797	35.70054015	139.7746861
969	35.66868	139.705861
1812	35.66920765	139.7631794
2416	35.69876369	139.7705319
1178	35.65772776	139.7001475
1972	35.64011096	139.5989556
1358	35.612501	139.638909
1506	35.72942171	139.7093582
1181	35.71566387	139.774096
991	35.69539298	139.7665429
2606	35.6747901	139.7625947
1815	35.53137932	139.7002226
1598	35.85378746	139.6374321
2549	35.72013249	139.7147441
1558	35.54483717	139.7680503
2474	35.54495502	139.7698796
1770	35.55195588	139.7872066
759	35.69947372	139.772667
760	35.63379647	139.7915176
2004	35.70436055	139.6715176
790	35.66710051	139.7314382
793	35.68665315	139.6968269
796	35.7099357	139.774543
797	35.69055479	139.6998552
1879	35.68206718	139.7987294
2780	35.67403685	139.7671922
811	35.66434176	139.762238
812	35.54428721	139.7682729
2691	35.6986123	139.7746008
829	35.69856235	139.7706762
831	35.69745363	139.7788382
2388	35.66029279	139.6965909
2698	35.68647479	139.7018048
849	35.71055035	139.7044095
855	35.619044	139.705091
857	35.65604094	139.7923136
2551	35.68972962	139.69635
867	35.62519242	139.7754264
887	35.69071167	139.6911192
2246	35.70426907	139.751941
889	35.70066383	139.771705
1710	35.73042057	139.7127311
2105	35.53485422	139.6994877
894	35.53323902	139.6951532
903	35.658979	139.695539
2554	35.72939558	139.7129148
920	35.6742846	139.7636957
914	35.62522731	139.7755551
921	35.69185752	139.7066197
933	35.69046699	139.6978266
937	35.70019708	139.7436429
942	35.66525822	139.7310271
1281	35.53091657	139.6976638
946	35.6729119	139.7426015
2461	35.66536709	139.7310621
958	35.6536	139.5443353
964	35.69522089	139.7013062
2792	35.64717462	139.7089486
979	35.69261039	139.7009073
987	35.62139439	139.7731572
2646	35.6764896	139.7124642
1062	35.69844908	139.7762485
999	35.69901977	139.7746271
1018	35.69307523	139.6983585
1021	35.69137412	139.6971477
1480	35.66637237	139.7312616
2541	35.63100904	139.8820791
2609	35.66835075	139.486061
2588	35.62741186	139.8894954
1515	35.661991	139.6694845
2721	35.62572658	139.5198011
2125	35.54917132	139.7847927
2043	35.66114217	139.6989331
1796	35.69321465	139.7039536
1456	35.70025263	139.7723043
1852	35.70032669	139.7706668
2722	35.79647834	139.6455002
2539	35.68056825	139.7654915
2456	35.66686735	139.743948
2723	35.662498	139.7339428
1637	35.58872829	139.7318104
1401	35.60586169	139.7129703
1449	35.67032602	139.7632438
2170	35.66775641	139.7064829
2694	35.69829011	139.7724289
1421	35.61552475	139.6987367
2275	35.60760484	139.7345334
1469	35.65683423	139.7982788
1626	35.60045526	139.6115138
2462	35.70574579	139.5817602
2459	35.62642206	139.884603
1915	35.67346534	139.7605133
2599	35.62403115	139.7787146
2132	35.69802433	139.7714889
2098	35.65669911	139.7538239
1886	35.70046827	139.7712502
2258	35.62360521	139.8871994
1706	35.68967473	139.7007859
2595	35.71043275	139.7753379
2556	35.66752979	139.7068799
1350	35.705877	139.7733443
1867	35.70298836	139.8206162
1285	35.6956028	139.7014657
2708	35.63171538	139.8809311
2656	35.54656126	139.5762241
1723	35.71503668	139.7974205
2294	35.72154249	139.5214453
2705	35.70351512	139.5991912
2301	35.67231051	139.7540814
2581	35.72971783	139.7142184
2684	35.57648022	139.6631545
2710	35.670785	139.713522
1935	35.67255891	139.7632384
2454	35.69008863	139.7821561
1658	35.70108686	139.77202
1573	35.70951803	139.6656597
1045	35.62533196	139.7802222
2640	35.6589874	139.6988654
1670	35.71202695	139.7751072
1732	35.69804829	139.7825275
2018	35.66906	139.613603
1676	35.66478194	139.7295908
2711	35.70145497	139.7724491
1398	35.69540169	139.7589576
1262	35.65827477	139.5308425
2593	35.66021253	139.6957866
1674	35.64884431	139.6362385
1407	35.71134746	139.7753084
2729	35.68358352	139.7690213
2713	35.69852314	139.7710302
2460	35.77752398	139.7198333
2730	35.77998277	139.7204733
2633	35.63413954	139.8795176
2287	35.69984095	139.770188
2760	35.707893	139.666503
1323	35.64196963	139.8250794
2732	35.62765821	139.7366846
1377	35.67818035	139.7647673
1422	35.629919	139.7333908
2265	35.73110698	139.7143042
2534	35.6786673	139.7673449
1049	35.72916478	139.7134084
2733	35.661347	139.704652
1998	35.69946114	139.7657146
2611	35.69633182	139.7006974
2734	35.66096618	139.7240889
2282	35.75283375	139.5944899
1559	35.66088228	139.7283228
2348	35.6590615	139.7005793
2150	35.6994346	139.7748353
1718	35.64232711	139.8044586
1206	35.66403045	139.7600892
1592	35.580372	139.6224546
2428	35.65883535	139.749329
2799	35.62604271	139.7821426
2748	35.70360085	139.7740315
2157	35.78350236	139.7218037
1214	35.61127705	139.7491568
2566	35.53234846	139.7107315
2270	35.62434827	139.775664
2129	35.80094242	139.7166967
1874	35.69143694	139.6995576
2091	35.66879148	139.7624751
2272	35.56122102	139.7137517
1374	35.7665537	139.6300997
2407	35.68293865	139.7322214
2412	35.7018601	139.7523379
2007	35.65874768	139.5867276
2782	35.70315172	139.7702041
1063	35.70035718	139.7724867
2341	35.80107294	139.7185528
1073	35.72838092	139.7080064
2399	35.62257191	139.7219392
1678	35.70303312	139.7696383
2223	35.70051711	139.7708514
2613	35.69955997	139.7748899
2761	35.661313	139.698071
2333	35.6961641	139.7750911
1703	35.53137932	139.7002226
2298	35.69874968	139.7030175
1383	35.53058915	139.6995038
1221	35.69037183	139.702363
2458	35.68787966	139.7022021
2306	35.72021089	139.7606903
2738	35.67549605	139.4724119
1767	35.69890868	139.7715613
2703	35.70471775	139.6651071
2084	35.68975315	139.6990585
2266	35.6692338	139.7670579
2349	35.6893131	139.6991283
1488	35.63610633	139.8833865
2083	35.7003855	139.7727281
1565	35.69901542	139.7746217
1755	35.66142254	139.701012
1106	35.68373167	139.7664571
1634	35.69103096	139.7024998
2644	35.62543661	139.775877
2190	35.66043314	139.7028071
2267	35.69179241	139.7032182
2230	35.69855364	139.7707003
2478	35.68133079	139.7678974
1588	35.758772	139.816619
1564	35.55340485	139.7874212
2064	35.69285522	139.6988869
2303	35.57542435	139.6806813
1260	35.69527753	139.6903467
1563	35.67465563	139.7607131
2533	35.70138527	139.7708935
1409	35.65769725	139.5435119
1702	35.67535661	139.771843
2536	35.66245677	139.6953678
1694	35.55386747	139.6464309
1116	35.68122	139.767026
1520	35.69911561	139.7716069
2444	35.70069697	139.7737312
2211	35.6803068	139.7678411
2038	35.69649302	139.796074
1897	35.69192886	139.6937954
2470	35.68066411	139.7978014
1888	35.65890895	139.6980044
1185	35.67543504	139.7655559
1636	35.70062074	139.7705421
1661	35.67004001	139.7628644
1942	35.64156856	139.7153288
2200	35.70683914	139.6654102
2787	35.67195753	139.7166753
1352	35.65978502	139.7011346
2717	35.7316905	139.7123623
2507	35.70719633	139.7536469
2638	35.69836195	139.7722828
1714	35.62208337	139.7187245
1365	35.53093283	139.6984441
1497	35.65328942	139.5427153
1370	35.73066196	139.710367
1618	35.65775609	139.7003487
2397	35.70472211	139.5815241
2063	35.6611841	139.6958613
1726	35.625488	139.7241855
1610	35.729378	139.715281
2336	35.69358279	139.7007376
1995	35.65999959	139.7024331
1132	35.71035	139.812242
1914	35.70470468	139.6656623
1172	35.62803538	139.7393131
1584	35.67227129	139.7587109
2431	35.70623859	139.6841756
2612	35.75064392	139.8043513
1917	35.67202865	139.4773279
2404	35.67744828	139.765749
1635	35.69069263	139.6982397
1376	35.70970533	139.7532392
1462	35.66070587	139.6979156
2643	35.66065237	139.6984363
1511	35.62970971	139.778409
1518	35.6352208	139.8850858
2629	35.62702379	139.8890501
2093	35.58464751	139.7407722
1937	35.55177014	139.7875575
2639	35.62488283	139.8825485
2221	35.70372456	139.5780534
2310	35.689062	139.696329
1527	35.7318734	139.7133869
2413	35.69942492	139.7707701
2297	35.5539513	139.6457348
1699	35.69884987	139.7698313
2464	35.66735764	139.7054087
2440	35.69215596	139.7011587
2352	35.69343902	139.7019553
2222	35.69358131	139.7011017
2241	35.62891615	139.739356
1977	35.53152774	139.700067
1072	35.69952947	139.7709525
1083	35.72971008	139.7140178
1087	35.7062745	139.580818
1105	35.69903284	139.7747827
2101	35.69824624	139.7720495
1110	35.65405768	139.762643
1834	35.69845344	139.7758529
1120	35.69793284	139.7760513
2796	35.7147703	139.7779307
1134	35.6515077	139.6873856
1136	35.57392013	139.6634763
1152	35.67262833	139.7650507
1987	35.64662547	139.6532571
2564	35.69525575	139.7432506
1540	35.65029589	139.5432168
1346	35.64339954	139.6466053
1773	35.6989296	139.7737669
1645	35.67431947	139.7640002
1996	35.67967933	139.8080528
1923	35.67976212	139.7682381
2451	35.66606545	139.7300327
1606	35.58916279	139.728418
2610	35.66652741	139.4846427
1679	35.63863889	139.7892559
2700	35.67482496	139.7644079
2563	35.54775718	139.7851467
2466	35.58787581	139.7354078
2019	35.70197951	139.7705768
2156	35.6994542	139.7749301
1697	35.70612359	139.7745806
2745	35.66127345	139.7010782
1493	35.59436472	139.5733997
1991	35.54467464	139.76855
2475	35.6280005	139.7380364
2158	35.7298267	139.7156936
1403	35.62605579	139.8846942
1647	35.69979085	139.7742462
1357	35.63008781	139.7754693
1860	35.75817092	139.8784447
2659	35.62436038	139.8880382
2622	35.66644461	139.7723097
2800	35.657248	139.701684
2039	35.71007993	139.8106706
2625	35.67394288	139.7673507
2037	35.74916804	139.7692144
2163	35.69872354	139.7728622
2681	35.69263302	139.7063273
2695	35.66872391	139.7059357
1158	35.63315419	139.7995126
2088	35.62810514	139.7742891
2251	35.62359802	139.7747304
2785	35.57021457	139.7700405
1213	35.69873461	139.7729931
2191	35.5308199	139.6995384
2024	35.69112993	139.6926427
2273	35.66039338	139.6972674
2160	35.65842078	139.6949816
2668	35.69767363	139.7734845
1542	35.65791518	139.6994863
1786	35.595428	139.747027
1566	35.54996567	139.7886658
1666	35.69323861	139.897542
2155	35.73219564	139.7666502
1779	35.70042713	139.7708663
2446	35.68978801	139.7014672
1688	35.70494863	139.5778227
2337	35.6765724	139.7378218
1208	35.6689722	139.7041883
2598	35.64284153	139.7140735
2331	35.68707895	139.6968934
2766	35.68148766	139.7659636
1303	35.69635796	139.7759172
2369	35.7278704	139.713506
2791	35.69554764	139.7012901
2790	35.68961373	139.6971649
2687	35.53157358	139.7000965
2571	35.78012264	139.7195839
1650	35.671539	139.48109
2635	35.70293609	139.7546929
2104	35.6674252	139.7075772
2509	35.74940314	139.5870066
1163	35.79632442	139.7701505
2414	35.730333	139.708555
2235	35.53506191	139.7009222
2011	35.70010337	139.7718099
1404	35.70020035	139.7636032
2769	35.71439206	139.7984934
1778	35.672728	139.703748
2162	35.55020433	139.7882816
2134	35.688971	139.6999794
2123	35.6585159	139.6969283
2219	35.70094964	139.770813
1235	35.68576684	139.6910103
2289	35.69493771	139.8136961
2290	35.73261368	139.7146475
1280	35.69796334	139.772366
1725	35.698516	139.77024
1655	35.61911374	139.7314167
1177	35.69624905	139.7602625
2591	35.63010649	139.7930485
2775	35.73030082	139.7105166
2783	35.70668233	139.7533706
1675	35.70135913	139.7402787
1226	35.73868546	139.6541369
1630	35.53138368	139.7002172
1549	35.60253237	139.5071518
1191	35.63239555	139.7974527
2359	35.77658272	139.6786416
1445	35.65734445	139.750267
1204	35.70018728	139.7719771
2682	35.661743	139.7081459
1968	35.69001457	139.7058928
2747	35.6311878	139.79204
1273	35.70024065	139.7719784
1743	35.67080268	139.7046456
2145	35.72906027	139.7188479
2186	35.69011042	139.7061449
1946	35.69091644	139.7040528
2069	35.65495996	139.7953928
1180	35.59366896	139.7555995
1810	35.68129593	139.7681361
1985	35.66497153	139.7310305
2746	35.6573747	139.6964192
1811	35.70197772	139.7714245
1653	35.71267159	139.7033849
1415	35.72933232	139.7107859
2009	35.69766492	139.7574878
1190	35.63193774	139.7965997
2185	35.6897183	139.6924925
2744	35.6305643	139.7951916
1691	35.69721184	139.8124838
2803	35.69972115	139.7742033
1809	35.70278859	139.6665418
2480	35.67219285	139.7658455
2741	35.62977947	139.7940731
2578	35.71388681	139.7044417
1227	35.73190932	139.83496
2544	35.695561	139.758614
1343	35.60983173	139.747777
2338	35.7077186	139.7758038
2140	35.7035763	139.771715
2354	35.76387337	139.6638787
1544	35.73733389	139.7617471
2743	35.66198796	139.7086016
2789	35.66725087	139.6966767
1921	35.69726412	139.8101878
2365	35.690032	139.7058928
1859	35.65187386	139.725076
1619	35.67375731	139.765124
1875	35.67974905	139.7649121
1222	35.69946878	139.7690104
2218	35.69591971	139.7688895
2645	35.69189429	139.6976563
2758	35.52990375	139.6967626
1910	35.78004112	139.720823
2779	35.64342164	139.809876
2453	35.70470904	139.7532821
2801	35.69881502	139.7722936
1847	35.69994768	139.7725725
1833	35.698238	139.77543
1609	35.67318208	139.763689
2547	35.70079499	139.742116
2680	35.69385726	139.7033393
2065	35.77944939	139.724956
2699	35.732601	139.716026
2795	35.65293308	139.544397
2161	35.69560428	139.7008798
2066	35.66236088	139.7312933
1532	35.6959332	139.75811
2715	35.62628035	139.770703
2177	35.67575098	139.7646815
1911	35.68607583	139.7619939
2138	35.66283159	139.7079259
2373	35.69976311	139.7690342
2641	35.69866429	139.7722742
2669	35.69871907	139.7741413
2189	35.73660237	139.747054
2372	35.67343039	139.7567352
1220	35.57507194	139.6633375
2374	35.5490011	139.7844386
2587	35.63590095	139.8786539
2601	35.7064972	139.717429
1349	35.70987956	139.8097372
2386	35.73029919	139.7134902
2149	35.70154645	139.7395116
1503	35.709914	139.809866
2608	35.65774083	139.696548
2671	35.66409	139.731452
2753	35.71035326	139.8120841
1396	35.61897202	139.731355
2793	35.67478139	139.7513723
2045	35.71044259	139.8114816
1156	35.71337478	139.7765078
1692	35.6355805	139.6157384
1523	35.70996668	139.8106384
2794	35.84883613	139.6038192
1254	35.68693854	139.7658885
2770	35.69327564	139.6989553
2653	35.73171183	139.7111101
2764	35.74249609	139.8524046
1203	35.62925625	139.7935367
1604	35.69557693	139.6906912
1782	35.56012788	139.7157134
2652	35.71009904	139.8107023
2774	35.70125563	139.7708249
2424	35.69190326	139.7057641
2503	35.70524266	139.7540224
1355	35.73250917	139.6705627
2661	35.68192121	139.6851298
1438	35.65772776	139.7003353
1932	35.72941409	139.7146851
1756	35.661862	139.697747
2763	35.58154689	139.7486653
1926	35.6679656	139.7594833
2484	35.63094186	139.6436475
2403	35.69937	139.771078
1333	35.65534353	139.7562915
1238	35.73014741	139.712696
2040	35.66325435	139.7408527
1824	35.6850214	139.7034788
2619	35.66756466	139.5504749
1962	35.67089419	139.7650087
2072	35.6748424	139.7691768
2756	35.65873242	139.6955663
2802	35.70040401	139.7720401
2406	35.699114	139.770549
2689	35.67846285	139.7404069
1965	35.69103403	139.6977809
1768	35.72975939	139.7148556
2228	35.64358926	139.6713808
2628	35.63679035	139.878273
1379	35.70182307	139.7712207
1730	35.53123905	139.6968172
1276	35.691322	139.702979
2654	35.69901542	139.7746217
1538	35.698545	139.773275
1780	35.70041817	139.7726154
1342	35.71368273	139.776373
2130	35.705918	139.664356
2418	35.7018952	139.7714205
1496	35.7099875	139.6669205
2583	35.69489633	139.7625062
1601	35.63872608	139.739871
1483	35.70051401	139.7752869
1161	35.63158048	139.7929708
1673	35.66125541	139.697776
1381	35.70027047	139.7705019
1808	35.67118182	139.765352
1353	35.71246156	139.7745257
1918	35.6596499	139.702599
1390	35.66257	139.733259
2423	35.70157453	139.7713598
1450	35.70192019	139.7705369
1654	35.69134886	139.7030497
2749	35.7116422	139.7745407
2755	35.65404163	139.6937474
2447	35.70039203	139.7720361
2489	35.66198108	139.6994862
1624	35.70205613	139.7529173
1425	35.72965251	139.7180271
1738	35.70023469	139.7701924
1447	35.71315369	139.776348
1585	35.73003573	139.7151196
2624	35.7224059	139.7916269
1468	35.70104983	139.7671008
2718	35.65314667	139.5423532
1821	35.67282621	139.7241879
1586	35.732394	139.705407
2585	35.70067701	139.7729481
2634	35.68106298	139.7689993
1853	35.69769977	139.7703838
1464	35.70243637	139.7704702
1426	35.60705376	139.7348936
2597	35.701178	139.771038
1684	35.63066895	139.7951031
